0.0, 0.0
359.9375, 359.9375
359.9375, 359.9375
359.875, 359.875
359.875, 359.875
359.9375, 359.9375
360.25, 0.25
360.1875, 0.1875
360.125, 0.125
359.75, 359.75
359.4375, 359.4375
358.6875, 358.6875
358.125, 358.125
357.5, 357.5
357.1875, 357.1875
357.0625, 357.0625
357.125, 357.125
357.625, 357.625
357.5625, 357.5625
357.5625, 357.5625
358.3125, 358.3125
358.5625, 358.5625
358.6875, 358.6875
359.0, 359.0
359.0625, 359.0625
359.0, 359.0
359.0, 359.0
358.75, 358.75
358.5625, 358.5625
358.375, 358.375
357.8125, 357.8125
357.6875, 357.6875
357.8125, 357.8125
357.75, 357.75
357.1875, 357.1875
356.875, 356.875
357.1875, 357.1875
357.3125, 357.3125
357.1875, 357.1875
357.1875, 357.1875
357.375, 357.375
357.75, 357.75
358.375, 358.375
358.6875, 358.6875
358.5625, 358.5625
358.4375, 358.4375
358.3125, 358.3125
358.0, 358.0
357.75, 357.75
357.125, 357.125
357.0, 357.0
356.75, 356.75
356.8125, 356.8125
357.0625, 357.0625
357.875, 357.875
357.8125, 357.8125
357.375, 357.375
357.6875, 357.6875
357.5, 357.5
357.4375, 357.4375
357.25, 357.25
357.1875, 357.1875
357.0625, 357.0625
357.0, 357.0
357.5, 357.5
357.6875, 357.6875
357.625, 357.625
357.3125, 357.3125
357.0, 357.0
356.9375, 356.9375
356.4375, 356.4375
356.75, 356.75
357.5, 357.5
357.75, 357.75
357.625, 357.625
357.4375, 357.4375
357.6875, 357.6875
357.375, 357.375
357.1875, 357.1875
356.8125, 356.8125
356.5625, 356.5625
356.5, 356.5
357.125, 357.125
357.1875, 357.1875
357.0625, 357.0625
356.875, 356.875
356.6875, 356.6875
356.375, 356.375
356.3125, 356.3125
357.25, 357.25
357.875, 357.875
357.9375, 357.9375
357.625, 357.625
357.625, 357.625
357.8125, 357.8125
357.4375, 357.4375
357.0625, 357.0625
356.375, 356.375
356.0, 356.0
356.4375, 356.4375
356.5, 356.5
356.4375, 356.4375
356.1875, 356.1875
356.3125, 356.3125
356.3125, 356.3125
356.4375, 356.4375
356.3125, 356.3125
356.0, 356.0
356.25, 356.25
356.5625, 356.5625
357.875, 357.875
358.0625, 358.0625
358.125, 358.125
358.0, 358.0
357.6875, 357.6875
357.0625, 357.0625
356.5, 356.5
356.1875, 356.1875
356.125, 356.125
356.0625, 356.0625
355.4375, 355.4375
354.875, 354.875
354.5625, 354.5625
354.5, 354.5
356.1875, 356.1875
356.375, 356.375
356.375, 356.375
356.625, 356.625
356.625, 356.625
356.6875, 356.6875
356.6875, 356.6875
356.6875, 356.6875
356.5625, 356.5625
356.5625, 356.5625
356.3125, 356.3125
356.3125, 356.3125
356.0625, 356.0625
355.9375, 355.9375
355.9375, 355.9375
355.9375, 355.9375
355.9375, 355.9375
355.9375, 355.9375
355.9375, 355.9375
356.1875, 356.1875
356.1875, 356.1875
356.25, 356.25
356.375, 356.375
356.375, 356.375
356.5, 356.5
356.5, 356.5
356.5, 356.5
356.5, 356.5
356.5, 356.5
356.375, 356.375
356.25, 356.25
356.25, 356.25
356.25, 356.25
356.1875, 356.1875
356.25, 356.25
356.25, 356.25
356.25, 356.25
356.25, 356.25
356.25, 356.25
356.25, 356.25
356.3125, 356.3125
356.3125, 356.3125
356.4375, 356.4375
356.4375, 356.4375
356.375, 356.375
356.375, 356.375
356.375, 356.375
356.4375, 356.4375
356.3125, 356.3125
356.3125, 356.3125
356.3125, 356.3125
356.3125, 356.3125
356.3125, 356.3125
356.3125, 356.3125
356.3125, 356.3125
356.3125, 356.3125
356.375, 356.375
356.375, 356.375
356.375, 356.375
356.375, 356.375
356.375, 356.375
356.375, 356.375
356.375, 356.375
356.375, 356.375
356.375, 356.375
356.375, 356.375
356.4375, 356.4375
356.4375, 356.4375
356.4375, 356.4375
356.375, 356.375
356.375, 356.375
356.375, 356.375
356.3125, 356.3125
356.375, 356.375
356.375, 356.375
356.375, 356.375
356.375, 356.375
356.375, 356.375
356.375, 356.375
356.375, 356.375
356.4375, 356.4375
356.4375, 356.4375
356.4375, 356.4375
356.4375, 356.4375
356.5, 356.5
356.5, 356.5
356.4375, 356.4375
356.375, 356.375
356.375, 356.375
356.375, 356.375
356.375, 356.375
356.4375, 356.4375
356.4375, 356.4375
356.4375, 356.4375
356.4375, 356.4375
356.5, 356.5
356.5, 356.5
356.5, 356.5
356.5, 356.5
356.5, 356.5
356.5, 356.5
356.5, 356.5
356.5, 356.5
356.5, 356.5
356.5, 356.5
356.5, 356.5
356.5, 356.5
356.5, 356.5
356.5, 356.5
356.5, 356.5
356.5625, 356.5625
356.5625, 356.5625
356.5625, 356.5625
356.5625, 356.5625
356.625, 356.625
356.625, 356.625
356.625, 356.625
356.625, 356.625
356.625, 356.625
356.625, 356.625
356.625, 356.625
356.5625, 356.5625
356.5625, 356.5625
356.625, 356.625
356.5625, 356.5625
356.5625, 356.5625
356.5625, 356.5625
356.5625, 356.5625
356.5625, 356.5625
356.5625, 356.5625
356.5625, 356.5625
356.625, 356.625
356.625, 356.625
356.625, 356.625
356.625, 356.625
356.625, 356.625
356.625, 356.625
356.625, 356.625
356.625, 356.625
356.625, 356.625
356.625, 356.625
356.625, 356.625
356.625, 356.625
356.625, 356.625
356.625, 356.625
356.625, 356.625
356.6875, 356.6875
356.6875, 356.6875
356.6875, 356.6875
356.6875, 356.6875
356.6875, 356.6875
356.6875, 356.6875
356.6875, 356.6875
356.6875, 356.6875
356.6875, 356.6875
356.6875, 356.6875
356.6875, 356.6875
356.6875, 356.6875
356.6875, 356.6875
356.6875, 356.6875
356.6875, 356.6875
356.6875, 356.6875
356.75, 356.75
356.75, 356.75
356.75, 356.75
356.75, 356.75
356.75, 356.75
356.75, 356.75
356.75, 356.75
356.6875, 356.6875
356.6875, 356.6875
356.75, 356.75
356.75, 356.75
356.75, 356.75
356.75, 356.75
356.6875, 356.6875
356.6875, 356.6875
356.6875, 356.6875
356.75, 356.75
356.75, 356.75
356.75, 356.75
356.625, 356.625
356.625, 356.625
356.75, 356.75
356.4375, 356.4375
356.4375, 356.4375
356.4375, 356.4375
356.4375, 356.4375
356.4375, 356.4375
356.4375, 356.4375
356.5, 356.5
356.5, 356.5
356.5, 356.5
356.5625, 356.5625
356.5625, 356.5625
356.5625, 356.5625
356.6875, 356.6875
356.6875, 356.6875
356.625, 356.625
356.4375, 356.4375
356.4375, 356.4375
355.75, 355.75
355.75, 355.75
355.5625, 355.5625
355.5625, 355.5625
356.0, 356.0
355.6875, 355.6875
355.6875, 355.6875
354.125, 354.125
353.3125, 353.3125
353.3125, 353.3125
351.4375, 351.4375
351.4375, 351.4375
349.875, 349.875
348.625, 348.625
348.3125, 348.3125
348.3125, 348.3125
348.125, 348.125
348.125, 348.125
348.0, 348.0
347.25, 347.25
347.25, 347.25
346.8125, 346.8125
346.8125, 346.8125
346.4375, 346.4375
346.4375, 346.4375
345.9375, 345.9375
345.9375, 345.9375
344.0, 344.0
344.0, 344.0
342.8125, 342.8125
342.8125, 342.8125
342.5, 342.5
342.5, 342.5
342.375, 342.375
342.375, 342.375
342.0, 342.0
342.0, 342.0
341.6875, 341.6875
341.6875, 341.6875
340.9375, 340.9375
340.9375, 340.9375
339.6875, 339.6875
339.6875, 339.6875
338.1875, 338.1875
336.75, 336.75
335.8125, 335.8125
335.8125, 335.8125
335.3125, 335.3125
335.4375, 335.4375
335.4375, 335.4375
334.875, 334.875
334.875, 334.875
334.5625, 334.5625
334.5625, 334.5625
333.9375, 333.9375
333.9375, 333.9375
332.8125, 332.8125
332.8125, 332.8125
331.375, 331.375
331.375, 331.375
329.9375, 329.9375
329.9375, 329.9375
329.5625, 329.5625
329.75, 329.75
329.6875, 329.6875
329.6875, 329.6875
329.0625, 329.0625
328.1875, 328.1875
328.1875, 328.1875
327.875, 327.875
326.4375, 326.4375
326.4375, 326.4375
324.6875, 324.6875
323.625, 323.625
323.0625, 323.0625
323.0625, 323.0625
323.0625, 323.0625
322.4375, 322.4375
322.4375, 322.4375
322.0, 322.0
321.9375, 321.9375
321.9375, 321.9375
321.6875, 321.6875
320.9375, 320.9375
320.9375, 320.9375
319.625, 319.625
318.75, 318.75
317.375, 317.375
316.75, 316.75
316.75, 316.75
316.4375, 316.4375
315.75, 315.75
315.75, 315.75
315.375, 315.375
315.375, 315.375
315.75, 315.75
315.75, 315.75
315.3125, 315.3125
314.125, 314.125
314.125, 314.125
313.0625, 313.0625
313.0625, 313.0625
311.5, 311.5
311.5, 311.5
311.0, 311.0
310.1875, 310.1875
310.1875, 310.1875
310.125, 310.125
309.9375, 309.9375
309.9375, 309.9375
309.0625, 309.0625
309.0625, 309.0625
308.4375, 308.4375
308.4375, 308.4375
307.75, 307.75
306.4375, 306.4375
306.4375, 306.4375
304.8125, 304.8125
304.8125, 304.8125
303.8125, 303.8125
303.5, 303.5
303.375, 303.375
303.375, 303.375
302.9375, 302.9375
302.9375, 302.9375
302.375, 302.375
302.1875, 302.1875
302.1875, 302.1875
302.0625, 302.0625
302.0625, 302.0625
302.0625, 302.0625
301.3125, 301.3125
301.3125, 301.3125
299.3125, 299.3125
299.3125, 299.3125
298.0, 298.0
297.375, 297.375
297.375, 297.375
296.9375, 296.9375
296.6875, 296.6875
296.6875, 296.6875
295.6875, 295.6875
295.6875, 295.6875
295.25, 295.25
295.25, 295.25
295.1875, 295.1875
295.1875, 295.1875
294.5625, 294.5625
293.8125, 293.8125
293.8125, 293.8125
292.875, 292.875
292.875, 292.875
292.875, 292.875
291.875, 291.875
291.875, 291.875
290.25, 290.25
289.5, 289.5
289.4375, 289.4375
289.4375, 289.4375
289.5, 289.5
289.3125, 289.3125
288.3125, 288.3125
287.8125, 287.8125
287.8125, 287.8125
287.3125, 287.3125
287.3125, 287.3125
286.875, 286.875
284.5625, 284.5625
283.9375, 283.9375
283.9375, 283.9375
282.875, 282.875
282.875, 282.875
282.25, 282.25
281.9375, 281.9375
281.9375, 281.9375
281.6875, 281.6875
281.6875, 281.6875
281.6875, 281.6875
280.3125, 280.3125
280.3125, 280.3125
279.625, 279.625
278.6875, 278.6875
278.0, 278.0
278.0, 278.0
276.9375, 276.9375
276.1875, 276.1875
275.625, 275.625
275.3125, 275.3125
275.3125, 275.3125
275.3125, 275.3125
275.125, 275.125
275.125, 275.125
273.8125, 273.8125
273.0, 273.0
272.0, 272.0
272.0, 272.0
271.25, 271.25
271.25, 271.25
269.9375, 269.9375
268.9375, 268.9375
268.9375, 268.9375
268.5, 268.5
268.125, 268.125
268.125, 268.125
268.125, 268.125
267.375, 267.375
266.5, 266.5
266.5, 266.5
266.0, 266.0
264.8125, 264.8125
264.8125, 264.8125
263.25, 263.25
263.25, 263.25
262.375, 262.375
262.0625, 262.0625
262.0625, 262.0625
261.875, 261.875
261.875, 261.875
261.4375, 261.4375
261.125, 261.125
260.5, 260.5
260.5, 260.5
259.875, 259.875
258.875, 258.875
258.875, 258.875
257.625, 257.625
257.625, 257.625
256.75, 256.75
256.75, 256.75
256.375, 256.375
256.375, 256.375
256.3125, 256.3125
256.3125, 256.3125
255.5625, 255.5625
255.5625, 255.5625
255.4375, 255.4375
255.4375, 255.4375
254.8125, 254.8125
254.0, 254.0
254.0, 254.0
252.6875, 252.6875
251.0, 251.0
251.0, 251.0
249.5625, 249.5625
249.5625, 249.5625
248.8125, 248.8125
247.875, 247.875
247.5625, 247.5625
247.1875, 247.1875
247.1875, 247.1875
247.1875, 247.1875
247.0625, 247.0625
247.125, 247.125
247.125, 247.125
246.3125, 246.3125
245.8125, 245.8125
245.8125, 245.8125
244.875, 244.875
243.375, 243.375
243.375, 243.375
241.9375, 241.9375
241.9375, 241.9375
241.9375, 241.9375
240.5, 240.5
240.5, 240.5
240.25, 240.25
240.25, 240.25
240.1875, 240.1875
240.1875, 240.1875
240.1875, 240.1875
240.1875, 240.1875
239.375, 239.375
238.1875, 238.1875
236.875, 236.875
236.875, 236.875
235.375, 235.375
234.6875, 234.6875
234.6875, 234.6875
233.5, 233.5
233.5, 233.5
232.6875, 232.6875
232.5625, 232.5625
232.5625, 232.5625
232.25, 232.25
232.3125, 232.3125
232.3125, 232.3125
232.3125, 232.3125
231.0625, 231.0625
231.0625, 231.0625
230.5, 230.5
228.75, 228.75
228.1875, 228.1875
228.1875, 228.1875
227.125, 227.125
226.375, 226.375
226.375, 226.375
226.0, 226.0
225.625, 225.625
225.625, 225.625
225.8125, 225.8125
225.8125, 225.8125
226.375, 226.375
226.25, 226.25
226.25, 226.25
225.0625, 225.0625
225.0625, 225.0625
223.8125, 223.8125
222.8125, 222.8125
222.8125, 222.8125
221.25, 221.25
221.25, 221.25
220.125, 220.125
220.125, 220.125
219.6875, 219.6875
219.6875, 219.6875
219.375, 219.375
219.375, 219.375
218.875, 218.875
218.875, 218.875
218.875, 218.875
218.875, 218.875
219.0, 219.0
218.5625, 218.5625
218.5625, 218.5625
218.125, 218.125
218.125, 218.125
217.0, 217.0
215.75, 215.75
215.125, 215.125
215.125, 215.125
215.3125, 215.3125
215.3125, 215.3125
216.3125, 216.3125
216.3125, 216.3125
217.3125, 217.3125
217.4375, 217.4375
217.4375, 217.4375
217.8125, 217.8125
217.8125, 217.8125
217.875, 217.875
217.875, 217.875
217.4375, 217.4375
216.9375, 216.9375
216.9375, 216.9375
216.8125, 216.8125
217.1875, 217.1875
217.1875, 217.1875
217.6875, 217.6875
217.6875, 217.6875
217.6875, 217.6875
217.5, 217.5
217.5, 217.5
217.5, 217.5
217.5, 217.5
217.5625, 217.5625
217.5625, 217.5625
217.8125, 217.8125
217.6875, 217.6875
217.6875, 217.6875
217.5, 217.5
217.5, 217.5
217.3125, 217.3125
217.25, 217.25
217.4375, 217.4375
217.4375, 217.4375
217.5625, 217.5625
217.375, 217.375
217.125, 217.125
217.125, 217.125
217.125, 217.125
217.8125, 217.8125
218.0, 218.0
218.0, 218.0
217.625, 217.625
217.625, 217.625
217.6875, 217.6875
218.0625, 218.0625
218.0625, 218.0625
218.0625, 218.0625
217.75, 217.75
217.625, 217.625
217.75, 217.75
217.75, 217.75
217.8125, 217.8125
217.6875, 217.6875
217.6875, 217.6875
217.25, 217.25
217.25, 217.25
217.3125, 217.3125
217.5625, 217.5625
217.5625, 217.5625
217.75, 217.75
217.875, 217.875
218.0, 218.0
218.0, 218.0
218.1875, 218.1875
218.1875, 218.1875
217.9375, 217.9375
217.9375, 217.9375
218.375, 218.375
218.4375, 218.4375
218.4375, 218.4375
218.375, 218.375
218.375, 218.375
218.3125, 218.3125
218.0625, 218.0625
218.0625, 218.0625
217.8125, 217.8125
217.6875, 217.6875
217.6875, 217.6875
218.0, 218.0
218.0, 218.0
218.0, 218.0
218.0, 218.0
218.0, 218.0
218.0625, 218.0625
218.1875, 218.1875
218.1875, 218.1875
218.5, 218.5
218.5, 218.5
218.375, 218.375
218.4375, 218.4375
218.4375, 218.4375
218.75, 218.75
218.75, 218.75
218.5625, 218.5625
218.3125, 218.3125
218.3125, 218.3125
218.3125, 218.3125
218.125, 218.125
218.125, 218.125
218.125, 218.125
218.125, 218.125
218.375, 218.375
217.9375, 217.9375
217.9375, 217.9375
217.9375, 217.9375
218.1875, 218.1875
218.1875, 218.1875
218.25, 218.25
218.25, 218.25
218.1875, 218.1875
218.1875, 218.1875
218.6875, 218.6875
218.625, 218.625
218.625, 218.625
218.4375, 218.4375
218.75, 218.75
218.75, 218.75
218.4375, 218.4375
218.4375, 218.4375
218.0625, 218.0625
218.0625, 218.0625
218.5625, 218.5625
218.625, 218.625
218.625, 218.625
218.125, 218.125
217.75, 217.75
217.6875, 217.6875
217.6875, 217.6875
218.0625, 218.0625
218.0625, 218.0625
218.1875, 218.1875
218.1875, 218.1875
218.3125, 218.3125
218.3125, 218.3125
218.75, 218.75
218.625, 218.625
218.625, 218.625
218.625, 218.625
218.625, 218.625
218.625, 218.625
218.0625, 218.0625
218.0625, 218.0625
217.8125, 217.8125
217.8125, 217.8125
218.25, 218.25
218.0625, 218.0625
218.0625, 218.0625
217.5625, 217.5625
217.75, 217.75
217.75, 217.75
218.3125, 218.3125
218.4375, 218.4375
218.4375, 218.4375
218.625, 218.625
218.625, 218.625
218.6875, 218.6875
218.6875, 218.6875
218.5, 218.5
218.5625, 218.5625
218.5625, 218.5625
218.25, 218.25
217.9375, 217.9375
217.9375, 217.9375
218.3125, 218.3125
218.3125, 218.3125
218.25, 218.25
217.9375, 217.9375
217.5, 217.5
217.5, 217.5
217.8125, 217.8125
217.8125, 217.8125
218.1875, 218.1875
218.1875, 218.1875
218.375, 218.375
219.0, 219.0
219.0, 219.0
218.9375, 218.9375
218.9375, 218.9375
218.6875, 218.6875
218.5, 218.5
218.5, 218.5
218.0625, 218.0625
217.8125, 217.8125
218.3125, 218.3125
218.3125, 218.3125
218.5625, 218.5625
218.5625, 218.5625
218.5625, 218.5625
218.0, 218.0
218.0, 218.0
217.75, 217.75
218.0625, 218.0625
218.0625, 218.0625
218.0, 218.0
218.5, 218.5
219.1875, 219.1875
219.1875, 219.1875
219.25, 219.25
218.8125, 218.8125
218.8125, 218.8125
218.3125, 218.3125
218.3125, 218.3125
217.875, 217.875
218.25, 218.25
218.25, 218.25
218.5, 218.5
218.5, 218.5
218.0625, 218.0625
217.75, 217.75
218.125, 218.125
218.125, 218.125
218.0, 218.0
218.0, 218.0
218.0, 218.0
218.4375, 218.4375
219.1875, 219.1875
219.1875, 219.1875
219.1875, 219.1875
218.75, 218.75
218.75, 218.75
218.75, 218.75
218.1875, 218.1875
218.1875, 218.1875
218.0, 218.0
218.0, 218.0
218.4375, 218.4375
218.375, 218.375
218.375, 218.375
218.375, 218.375
217.9375, 217.9375
217.9375, 217.9375
217.9375, 217.9375
217.9375, 217.9375
218.125, 218.125
218.125, 218.125
218.4375, 218.4375
218.4375, 218.4375
219.0625, 219.0625
219.3125, 219.3125
219.3125, 219.3125
218.625, 218.625
218.625, 218.625
218.3125, 218.3125
218.3125, 218.3125
218.125, 218.125
218.125, 218.125
218.5625, 218.5625
218.5, 218.5
218.5, 218.5
217.75, 217.75
217.75, 217.75
217.6875, 217.6875
217.6875, 217.6875
218.3125, 218.3125
218.3125, 218.3125
218.375, 218.375
218.875, 218.875
218.875, 218.875
218.875, 218.875
219.25, 219.25
219.25, 219.25
218.875, 218.875
218.4375, 218.4375
218.4375, 218.4375
218.0625, 218.0625
218.0625, 218.0625
218.0625, 218.0625
218.125, 218.125
218.125, 218.125
218.8125, 218.8125
218.1875, 218.1875
218.1875, 218.1875
217.75, 217.75
217.75, 217.75
218.1875, 218.1875
218.1875, 218.1875
218.25, 218.25
218.25, 218.25
218.9375, 218.9375
219.3125, 219.3125
219.3125, 219.3125
218.75, 218.75
218.4375, 218.4375
218.4375, 218.4375
218.0, 218.0
218.375, 218.375
218.375, 218.375
218.75, 218.75
218.75, 218.75
218.3125, 218.3125
218.0625, 218.0625
217.9375, 217.9375
217.9375, 217.9375
218.1875, 218.1875
218.1875, 218.1875
218.375, 218.375
218.375, 218.375
218.75, 218.75
218.75, 218.75
219.375, 219.375
219.0, 219.0
219.0, 219.0
218.375, 218.375
218.125, 218.125
218.125, 218.125
218.1875, 218.1875
218.1875, 218.1875
218.625, 218.625
218.875, 218.875
218.875, 218.875
218.0625, 218.0625
218.0625, 218.0625
217.9375, 217.9375
217.9375, 217.9375
218.375, 218.375
218.3125, 218.3125
218.3125, 218.3125
218.5, 218.5
219.3125, 219.3125
219.3125, 219.3125
219.3125, 219.3125
218.75, 218.75
218.1875, 218.1875
218.1875, 218.1875
218.1875, 218.1875
218.75, 218.75
218.75, 218.75
218.625, 218.625
218.1875, 218.1875
217.75, 217.75
217.75, 217.75
217.9375, 217.9375
218.4375, 218.4375
218.4375, 218.4375
218.4375, 218.4375
219.3125, 219.3125
219.3125, 219.3125
219.3125, 219.3125
218.5625, 218.5625
218.5625, 218.5625
218.25, 218.25
218.25, 218.25
218.5, 218.5
218.75, 218.75
218.75, 218.75
218.6875, 218.6875
218.0625, 218.0625
217.875, 217.875
218.1875, 218.1875
218.1875, 218.1875
218.3125, 218.3125
218.3125, 218.3125
218.625, 218.625
219.0, 219.0
219.5, 219.5
219.5, 219.5
219.5, 219.5
218.9375, 218.9375
218.3125, 218.3125
218.3125, 218.3125
218.3125, 218.3125
218.25, 218.25
218.6875, 218.6875
218.6875, 218.6875
218.875, 218.875
218.625, 218.625
218.625, 218.625
218.125, 218.125
218.125, 218.125
218.375, 218.375
218.5, 218.5
218.5, 218.5
218.5625, 218.5625
218.5625, 218.5625
219.125, 219.125
219.375, 219.375
219.1875, 219.1875
219.1875, 219.1875
218.5625, 218.5625
218.25, 218.25
218.25, 218.25
218.625, 218.625
218.625, 218.625
218.9375, 218.9375
218.9375, 218.9375
218.5, 218.5
218.3125, 218.3125
218.3125, 218.3125
218.3125, 218.3125
218.375, 218.375
218.375, 218.375
218.25, 218.25
218.8125, 218.8125
218.8125, 218.8125
219.1875, 219.1875
219.1875, 219.1875
219.125, 219.125
219.125, 219.125
219.1875, 219.1875
218.8125, 218.8125
218.8125, 218.8125
218.5, 218.5
218.6875, 218.6875
218.6875, 218.6875
218.4375, 218.4375
218.25, 218.25
218.25, 218.25
218.25, 218.25
218.3125, 218.3125
218.3125, 218.3125
218.3125, 218.3125
218.5, 218.5
219.3125, 219.3125
219.3125, 219.3125
219.5, 219.5
219.0625, 219.0625
219.0625, 219.0625
218.75, 218.75
218.375, 218.375
218.375, 218.375
218.4375, 218.4375
218.875, 218.875
218.875, 218.875
218.9375, 218.9375
218.9375, 218.9375
218.9375, 218.9375
218.4375, 218.4375
218.25, 218.25
218.5625, 218.5625
218.5625, 218.5625
218.5625, 218.5625
219.0, 219.0
219.0, 219.0
219.375, 219.375
218.8125, 218.8125
218.8125, 218.8125
218.8125, 218.8125
218.375, 218.375
218.3125, 218.3125
218.3125, 218.3125
218.3125, 218.3125
218.8125, 218.8125
218.8125, 218.8125
218.6875, 218.6875
218.6875, 218.6875
218.25, 218.25
218.25, 218.25
218.5, 218.5
218.5, 218.5
218.5, 218.5
218.875, 218.875
218.875, 218.875
219.25, 219.25
219.125, 219.125
219.125, 219.125
219.125, 219.125
218.9375, 218.9375
218.9375, 218.9375
218.5625, 218.5625
218.5625, 218.5625
218.8125, 218.8125
218.6875, 218.6875
218.4375, 218.4375
218.25, 218.25
218.25, 218.25
218.375, 218.375
218.625, 218.625
218.625, 218.625
218.8125, 218.8125
219.5, 219.5
219.5, 219.5
219.75, 219.75
219.75, 219.75
219.625, 219.625
219.625, 219.625
218.9375, 218.9375
218.625, 218.625
218.625, 218.625
218.75, 218.75
218.75, 218.75
219.1875, 219.1875
218.875, 218.875
218.875, 218.875
218.375, 218.375
218.375, 218.375
218.375, 218.375
218.625, 218.625
218.625, 218.625
218.625, 218.625
218.75, 218.75
219.3125, 219.3125
219.3125, 219.3125
219.3125, 219.3125
219.625, 219.625
218.875, 218.875
218.875, 218.875
218.4375, 218.4375
218.4375, 218.4375
218.625, 218.625
218.625, 218.625
219.0, 219.0
219.0625, 219.0625
219.0625, 219.0625
218.625, 218.625
218.625, 218.625
218.1875, 218.1875
218.1875, 218.1875
218.5625, 218.5625
218.5625, 218.5625
218.5625, 218.5625
218.5625, 218.5625
219.125, 219.125
219.125, 219.125
219.4375, 219.4375
219.0625, 219.0625
218.5625, 218.5625
218.4375, 218.4375
218.4375, 218.4375
218.625, 218.625
218.625, 218.625
219.25, 219.25
219.25, 219.25
218.625, 218.625
218.625, 218.625
218.625, 218.625
218.625, 218.625
218.8125, 218.8125
218.8125, 218.8125
218.8125, 218.8125
218.9375, 218.9375
219.625, 219.625
219.625, 219.625
219.4375, 219.4375
219.4375, 219.4375
218.5, 218.5
218.5625, 218.5625
218.5625, 218.5625
218.875, 218.875
218.875, 218.875
219.5, 219.5
219.125, 219.125
218.625, 218.625
218.75, 218.75
218.75, 218.75
219.0, 219.0
219.0, 219.0
218.8125, 218.8125
219.0, 219.0
219.0, 219.0
219.375, 219.375
219.25, 219.25
219.25, 219.25
218.8125, 218.8125
218.6875, 218.6875
218.6875, 218.6875
218.8125, 218.8125
218.8125, 218.8125
219.1875, 219.1875
219.125, 219.125
219.125, 219.125
218.5, 218.5
218.5, 218.5
218.625, 218.625
218.625, 218.625
218.8125, 218.8125
218.875, 218.875
218.875, 218.875
219.375, 219.375
219.375, 219.375
219.6875, 219.6875
219.6875, 219.6875
219.5625, 219.5625
219.5625, 219.5625
218.8125, 218.8125
218.625, 218.625
218.625, 218.625
218.6875, 218.6875
219.0625, 219.0625
219.0625, 219.0625
219.125, 219.125
218.625, 218.625
218.5625, 218.5625
218.5625, 218.5625
218.6875, 218.6875
218.75, 218.75
218.75, 218.75
219.125, 219.125
219.375, 219.375
219.75, 219.75
219.75, 219.75
219.0, 219.0
218.625, 218.625
218.75, 218.75
218.75, 218.75
218.875, 218.875
218.875, 218.875
219.1875, 219.1875
218.9375, 218.9375
218.4375, 218.4375
218.4375, 218.4375
218.75, 218.75
218.75, 218.75
218.8125, 218.8125
218.9375, 218.9375
219.1875, 219.1875
219.1875, 219.1875
219.5625, 219.5625
219.5625, 219.5625
219.5, 219.5
218.8125, 218.8125
218.8125, 218.8125
218.6875, 218.6875
218.75, 218.75
218.75, 218.75
219.25, 219.25
219.25, 219.25
219.25, 219.25
219.125, 219.125
218.4375, 218.4375
218.4375, 218.4375
218.8125, 218.8125
218.8125, 218.8125
218.75, 218.75
218.75, 218.75
219.0625, 219.0625
219.0625, 219.0625
219.625, 219.625
219.75, 219.75
219.75, 219.75
219.1875, 219.1875
219.1875, 219.1875
218.875, 218.875
218.875, 218.875
218.75, 218.75
219.1875, 219.1875
219.1875, 219.1875
219.375, 219.375
218.625, 218.625
218.625, 218.625
218.4375, 218.4375
218.4375, 218.4375
218.6875, 218.6875
218.8125, 218.8125
219.0, 219.0
219.3125, 219.3125
219.3125, 219.3125
219.9375, 219.9375
219.875, 219.875
219.125, 219.125
219.125, 219.125
218.8125, 218.8125
218.8125, 218.8125
218.6875, 218.6875
218.6875, 218.6875
219.1875, 219.1875
219.1875, 219.1875
219.25, 219.25
219.25, 219.25
218.5, 218.5
218.6875, 218.6875
218.6875, 218.6875
218.9375, 218.9375
219.25, 219.25
219.25, 219.25
219.9375, 219.9375
219.9375, 219.9375
219.75, 219.75
219.75, 219.75
219.0, 219.0
218.875, 218.875
218.875, 218.875
219.25, 219.25
219.5, 219.5
219.5, 219.5
219.5, 219.5
219.0, 219.0
219.0, 219.0
219.0, 219.0
218.9375, 218.9375
218.9375, 218.9375
219.0625, 219.0625
218.8125, 218.8125
218.8125, 218.8125
219.125, 219.125
219.125, 219.125
219.8125, 219.8125
219.8125, 219.8125
219.6875, 219.6875
219.6875, 219.6875
219.375, 219.375
219.375, 219.375
218.8125, 218.8125
218.8125, 218.8125
218.9375, 218.9375
218.9375, 218.9375
219.25, 219.25
219.6875, 219.6875
219.6875, 219.6875
219.0, 219.0
219.0, 219.0
218.6875, 218.6875
219.125, 219.125
219.125, 219.125
218.9375, 218.9375
218.9375, 218.9375
219.1875, 219.1875
219.1875, 219.1875
219.875, 219.875
219.875, 219.875
219.6875, 219.6875
219.6875, 219.6875
219.0, 219.0
218.875, 218.875
219.0625, 219.0625
219.0625, 219.0625
219.5, 219.5
219.5, 219.5
219.125, 219.125
218.875, 218.875
218.875, 218.875
218.875, 218.875
219.0, 219.0
218.875, 218.875
218.875, 218.875
219.25, 219.25
219.25, 219.25
219.75, 219.75
219.75, 219.75
219.6875, 219.6875
219.6875, 219.6875
219.0, 219.0
219.125, 219.125
219.125, 219.125
219.625, 219.625
219.625, 219.625
219.5625, 219.5625
219.125, 219.125
219.0625, 219.0625
219.0625, 219.0625
219.125, 219.125
218.875, 218.875
218.875, 218.875
218.875, 218.875
218.875, 218.875
219.5, 219.5
219.5, 219.5
219.6875, 219.6875
219.6875, 219.6875
219.3125, 219.3125
219.3125, 219.3125
219.125, 219.125
219.125, 219.125
218.875, 218.875
219.5, 219.5
219.5, 219.5
219.4375, 219.4375
219.125, 219.125
219.125, 219.125
218.875, 218.875
219.1875, 219.1875
219.1875, 219.1875
219.125, 219.125
218.9375, 218.9375
219.625, 219.625
219.625, 219.625
220.0, 220.0
220.0, 220.0
219.5, 219.5
219.1875, 219.1875
219.1875, 219.1875
218.875, 218.875
219.125, 219.125
219.125, 219.125
219.625, 219.625
219.625, 219.625
219.4375, 219.4375
219.0, 219.0
219.0, 219.0
219.25, 219.25
219.25, 219.25
219.25, 219.25
219.25, 219.25
219.0625, 219.0625
219.375, 219.375
219.375, 219.375
219.375, 219.375
219.75, 219.75
219.75, 219.75
219.25, 219.25
219.0625, 219.0625
218.9375, 218.9375
219.125, 219.125
219.125, 219.125
219.625, 219.625
219.375, 219.375
219.375, 219.375
219.0625, 219.0625
219.25, 219.25
219.25, 219.25
219.3125, 219.3125
219.125, 219.125
219.125, 219.125
219.5, 219.5
219.9375, 219.9375
219.9375, 219.9375
219.5625, 219.5625
219.0625, 219.0625
219.0625, 219.0625
219.0625, 219.0625
219.0625, 219.0625
219.5625, 219.5625
219.75, 219.75
219.75, 219.75
219.25, 219.25
219.25, 219.25
219.25, 219.25
219.0625, 219.0625
219.1875, 219.1875
219.1875, 219.1875
219.125, 219.125
219.125, 219.125
219.4375, 219.4375
220.0, 220.0
220.0, 220.0
220.0625, 220.0625
220.0625, 220.0625
219.4375, 219.4375
219.4375, 219.4375
219.0, 219.0
219.25, 219.25
219.6875, 219.6875
219.6875, 219.6875
219.625, 219.625
219.625, 219.625
219.0625, 219.0625
219.0625, 219.0625
219.125, 219.125
219.25, 219.25
219.25, 219.25
219.25, 219.25
219.0, 219.0
219.0, 219.0
219.75, 219.75
220.0, 220.0
220.0, 220.0
219.75, 219.75
219.75, 219.75
219.3125, 219.3125
219.0625, 219.0625
219.3125, 219.3125
219.3125, 219.3125
219.9375, 219.9375
219.5625, 219.5625
219.25, 219.25
219.25, 219.25
219.25, 219.25
219.1875, 219.1875
219.375, 219.375
219.125, 219.125
219.5, 219.5
219.5, 219.5
219.875, 219.875
220.0625, 220.0625
220.0625, 220.0625
219.625, 219.625
219.625, 219.625
219.3125, 219.3125
219.3125, 219.3125
219.1875, 219.1875
219.875, 219.875
219.875, 219.875
220.0, 220.0
219.375, 219.375
219.375, 219.375
219.0, 219.0
219.0, 219.0
219.375, 219.375
219.375, 219.375
219.375, 219.375
219.1875, 219.1875
219.375, 219.375
219.375, 219.375
220.1875, 220.1875
220.1875, 220.1875
220.1875, 220.1875
219.625, 219.625
219.25, 219.25
219.25, 219.25
219.25, 219.25
219.25, 219.25
219.25, 219.25
219.75, 219.75
219.75, 219.75
220.0, 220.0
219.3125, 219.3125
219.3125, 219.3125
219.1875, 219.1875
219.1875, 219.1875
219.25, 219.25
219.25, 219.25
219.3125, 219.3125
220.0, 220.0
220.0, 220.0
220.1875, 220.1875
220.1875, 220.1875
219.5, 219.5
219.125, 219.125
219.125, 219.125
219.375, 219.375
219.375, 219.375
219.875, 219.875
219.875, 219.875
219.25, 219.25
219.25, 219.25
219.125, 219.125
219.25, 219.25
219.25, 219.25
219.3125, 219.3125
219.4375, 219.4375
220.0625, 220.0625
220.0625, 220.0625
220.375, 220.375
220.375, 220.375
219.5625, 219.5625
219.0, 219.0
219.0, 219.0
219.0, 219.0
219.5, 219.5
220.0, 220.0
220.0, 220.0
219.9375, 219.9375
219.9375, 219.9375
219.9375, 219.9375
219.375, 219.375
219.375, 219.375
219.375, 219.375
219.25, 219.25
219.25, 219.25
219.5, 219.5
219.5, 219.5
219.6875, 219.6875
219.6875, 219.6875
219.9375, 219.9375
219.9375, 219.9375
219.5, 219.5
219.25, 219.25
219.25, 219.25
219.25, 219.25
219.375, 219.375
219.875, 219.875
219.875, 219.875
219.5, 219.5
219.5, 219.5
219.5, 219.5
219.0625, 219.0625
219.25, 219.25
219.25, 219.25
219.25, 219.25
219.25, 219.25
219.25, 219.25
219.5625, 219.5625
219.5625, 219.5625
220.1875, 220.1875
220.1875, 220.1875
220.0625, 220.0625
220.0625, 220.0625
219.25, 219.25
219.125, 219.125
219.125, 219.125
219.5, 219.5
219.5, 219.5
219.5, 219.5
220.0, 220.0
219.5, 219.5
219.5, 219.5
219.0625, 219.0625
219.375, 219.375
219.375, 219.375
219.3125, 219.3125
219.3125, 219.3125
219.4375, 219.4375
219.75, 219.75
219.75, 219.75
220.25, 220.25
219.9375, 219.9375
219.9375, 219.9375
219.3125, 219.3125
219.3125, 219.3125
219.375, 219.375
219.75, 219.75
220.0, 220.0
220.0, 220.0
219.0, 219.0
219.0, 219.0
219.5, 219.5
219.5, 219.5
219.3125, 219.3125
219.3125, 219.3125
219.6875, 219.6875
219.6875, 219.6875
220.3125, 220.3125
220.1875, 220.1875
220.1875, 220.1875
219.8125, 219.8125
219.8125, 219.8125
219.25, 219.25
219.25, 219.25
219.5, 219.5
220.0, 220.0
220.0, 220.0
219.875, 219.875
219.875, 219.875
219.875, 219.875
219.375, 219.375
219.375, 219.375
219.5, 219.5
219.375, 219.375
219.375, 219.375
219.375, 219.375
219.9375, 219.9375
219.9375, 219.9375
220.1875, 220.1875
220.1875, 220.1875
219.8125, 219.8125
219.8125, 219.8125
219.8125, 219.8125
219.3125, 219.3125
219.3125, 219.3125
220.0625, 220.0625
220.0625, 220.0625
219.625, 219.625
219.625, 219.625
219.25, 219.25
219.25, 219.25
219.3125, 219.3125
219.5625, 219.5625
219.5625, 219.5625
219.3125, 219.3125
219.6875, 219.6875
219.6875, 219.6875
220.0625, 220.0625
220.1875, 220.1875
220.1875, 220.1875
220.0, 220.0
220.0, 220.0
219.5, 219.5
219.375, 219.375
219.375, 219.375
219.5, 219.5
219.5, 219.5
220.125, 220.125
219.875, 219.875
219.875, 219.875
219.3125, 219.3125
219.4375, 219.4375
219.4375, 219.4375
219.4375, 219.4375
219.4375, 219.4375
219.1875, 219.1875
219.625, 219.625
219.625, 219.625
220.125, 220.125
220.125, 220.125
220.125, 220.125
219.75, 219.75
219.75, 219.75
219.5, 219.5
219.5, 219.5
219.5, 219.5
220.0625, 220.0625
220.25, 220.25
220.25, 220.25
220.125, 220.125
220.125, 220.125
219.625, 219.625
219.625, 219.625
219.625, 219.625
219.5625, 219.5625
219.5625, 219.5625
219.8125, 219.8125
219.8125, 219.8125
219.8125, 219.8125
220.0, 220.0
220.0, 220.0
219.8125, 219.8125
219.8125, 219.8125
219.6875, 219.6875
219.6875, 219.6875
219.625, 219.625
219.8125, 219.8125
219.8125, 219.8125
219.8125, 219.8125
219.8125, 219.8125
219.5625, 219.5625
219.375, 219.375
219.375, 219.375
219.3125, 219.3125
219.8125, 219.8125
219.8125, 219.8125
220.25, 220.25
220.25, 220.25
220.375, 220.375
220.375, 220.375
220.375, 220.375
219.5, 219.5
219.5, 219.5
219.5, 219.5
220.0625, 220.0625
220.0625, 220.0625
220.0625, 220.0625
220.0625, 220.0625
219.625, 219.625
219.625, 219.625
219.6875, 219.6875
219.6875, 219.6875
219.625, 219.625
219.625, 219.625
219.5, 219.5
219.5, 219.5
219.875, 219.875
219.875, 219.875
220.1875, 220.1875
219.9375, 219.9375
219.4375, 219.4375
219.4375, 219.4375
219.4375, 219.4375
219.4375, 219.4375
219.4375, 219.4375
220.0, 220.0
220.0, 220.0
219.875, 219.875
219.5, 219.5
219.5, 219.5
219.8125, 219.8125
219.8125, 219.8125
219.4375, 219.4375
219.5625, 219.5625
219.5625, 219.5625
220.125, 220.125
220.125, 220.125
220.3125, 220.3125
220.3125, 220.3125
219.75, 219.75
219.75, 219.75
219.375, 219.375
219.75, 219.75
219.75, 219.75
220.1875, 220.1875
219.8125, 219.8125
219.8125, 219.8125
219.5625, 219.5625
219.75, 219.75
219.75, 219.75
219.75, 219.75
219.5625, 219.5625
219.9375, 219.9375
219.9375, 219.9375
220.5625, 220.5625
220.5625, 220.5625
220.1875, 220.1875
220.1875, 220.1875
219.8125, 219.8125
219.375, 219.375
219.375, 219.375
219.75, 219.75
220.1875, 220.1875
220.1875, 220.1875
220.125, 220.125
220.125, 220.125
220.125, 220.125
219.6875, 219.6875
219.6875, 219.6875
219.625, 219.625
219.5625, 219.5625
219.5625, 219.5625
219.5, 219.5
219.5, 219.5
220.0, 220.0
220.3125, 220.3125
220.3125, 220.3125
220.375, 220.375
220.375, 220.375
219.875, 219.875
219.875, 219.875
219.875, 219.875
219.5625, 219.5625
220.25, 220.25
220.25, 220.25
220.375, 220.375
220.375, 220.375
219.875, 219.875
219.875, 219.875
219.75, 219.75
219.75, 219.75
219.5625, 219.5625
219.5625, 219.5625
219.625, 219.625
219.625, 219.625
220.375, 220.375
220.5625, 220.5625
220.5625, 220.5625
220.375, 220.375
219.5625, 219.5625
219.75, 219.75
219.75, 219.75
220.375, 220.375
220.375, 220.375
220.4375, 220.4375
219.8125, 219.8125
219.8125, 219.8125
219.625, 219.625
219.625, 219.625
220.0, 220.0
219.875, 219.875
219.875, 219.875
219.625, 219.625
220.1875, 220.1875
220.1875, 220.1875
220.4375, 220.4375
220.3125, 220.3125
219.8125, 219.8125
219.8125, 219.8125
219.8125, 219.8125
219.6875, 219.6875
219.9375, 219.9375
219.9375, 219.9375
220.4375, 220.4375
220.4375, 220.4375
219.625, 219.625
219.5, 219.5
219.5, 219.5
219.75, 219.75
219.75, 219.75
219.5625, 219.5625
219.5625, 219.5625
219.75, 219.75
220.125, 220.125
220.125, 220.125
220.5625, 220.5625
220.5625, 220.5625
220.25, 220.25
220.25, 220.25
219.625, 219.625
219.6875, 219.6875
219.6875, 219.6875
220.1875, 220.1875
220.4375, 220.4375
220.4375, 220.4375
219.75, 219.75
219.75, 219.75
219.5, 219.5
219.8125, 219.8125
219.8125, 219.8125
219.8125, 219.8125
219.6875, 219.6875
219.6875, 219.6875
220.3125, 220.3125
220.625, 220.625
220.625, 220.625
220.6875, 220.6875
220.6875, 220.6875
219.75, 219.75
219.4375, 219.4375
219.4375, 219.4375
219.9375, 219.9375
220.1875, 220.1875
220.1875, 220.1875
220.4375, 220.4375
220.0625, 220.0625
220.0625, 220.0625
219.9375, 219.9375
219.875, 219.875
219.6875, 219.6875
219.6875, 219.6875
219.9375, 219.9375
219.9375, 219.9375
220.0, 220.0
220.125, 220.125
220.125, 220.125
220.0, 220.0
220.0, 220.0
219.5625, 219.5625
219.5625, 219.5625
219.75, 219.75
220.25, 220.25
220.25, 220.25
219.75, 219.75
219.75, 219.75
219.375, 219.375
219.4375, 219.4375
219.5625, 219.5625
219.5625, 219.5625
219.375, 219.375
219.5625, 219.5625
219.5625, 219.5625
220.125, 220.125
220.125, 220.125
220.5, 220.5
220.4375, 220.4375
220.4375, 220.4375
219.8125, 219.8125
219.8125, 219.8125
219.5625, 219.5625
219.5625, 219.5625
220.0625, 220.0625
220.0625, 220.0625
220.25, 220.25
220.25, 220.25
219.75, 219.75
219.625, 219.625
219.625, 219.625
219.625, 219.625
219.8125, 219.8125
219.5625, 219.5625
219.5625, 219.5625
219.5625, 219.5625
220.25, 220.25
220.375, 220.375
220.375, 220.375
220.3125, 220.3125
219.8125, 219.8125
219.8125, 219.8125
219.625, 219.625
219.625, 219.625
219.75, 219.75
220.3125, 220.3125
220.0, 220.0
219.625, 219.625
219.625, 219.625
219.4375, 219.4375
219.75, 219.75
219.75, 219.75
219.75, 219.75
219.625, 219.625
219.625, 219.625
220.1875, 220.1875
220.1875, 220.1875
220.625, 220.625
220.375, 220.375
219.75, 219.75
219.75, 219.75
219.625, 219.625
219.625, 219.625
220.1875, 220.1875
220.1875, 220.1875
219.9375, 219.9375
219.9375, 219.9375
219.75, 219.75
219.75, 219.75
219.625, 219.625
219.5625, 219.5625
219.5625, 219.5625
219.4375, 219.4375
219.4375, 219.4375
219.875, 219.875
220.1875, 220.1875
220.1875, 220.1875
220.6875, 220.6875
220.6875, 220.6875
220.4375, 220.4375
219.9375, 219.9375
219.75, 219.75
219.75, 219.75
219.0625, 219.0625
219.0625, 219.0625
217.625, 217.625
217.625, 217.625
218.375, 218.375
218.5625, 218.5625
218.5625, 218.5625
218.4375, 218.4375
218.4375, 218.4375
218.625, 218.625
218.625, 218.625
218.6875, 218.6875
217.625, 217.625
217.0, 217.0
217.0, 217.0
215.8125, 215.8125
215.8125, 215.8125
214.6875, 214.6875
213.375, 213.375
213.375, 213.375
211.9375, 211.9375
211.9375, 211.9375
211.3125, 211.3125
210.3125, 210.3125
210.3125, 210.3125
210.75, 210.75
210.75, 210.75
210.9375, 210.9375
210.875, 210.875
210.875, 210.875
210.875, 210.875
210.9375, 210.9375
210.9375, 210.9375
211.0625, 211.0625
211.0, 211.0
211.0, 211.0
210.0625, 210.0625
210.0625, 210.0625
208.4375, 208.4375
208.4375, 208.4375
207.0625, 207.0625
207.0625, 207.0625
205.9375, 205.9375
205.9375, 205.9375
205.9375, 205.9375
205.25, 205.25
205.25, 205.25
204.875, 204.875
204.375, 204.375
204.375, 204.375
203.75, 203.75
203.75, 203.75
203.25, 203.25
203.25, 203.25
202.5625, 202.5625
202.0, 202.0
202.0, 202.0
200.6875, 200.6875
200.6875, 200.6875
199.5625, 199.5625
199.0, 199.0
197.75, 197.75
197.75, 197.75
196.6875, 196.6875
196.6875, 196.6875
195.4375, 195.4375
195.4375, 195.4375
193.625, 193.625
191.8125, 191.8125
191.8125, 191.8125
191.125, 191.125
191.125, 191.125
190.75, 190.75
189.375, 189.375
189.375, 189.375
187.5625, 187.5625
187.5625, 187.5625
185.6875, 185.6875
183.875, 183.875
183.875, 183.875
182.0625, 182.0625
182.0625, 182.0625
181.1875, 181.1875
180.75, 180.75
179.375, 179.375
179.375, 179.375
179.125, 179.125
179.125, 179.125
179.5, 179.5
179.5, 179.5
178.0625, 178.0625
178.0625, 178.0625
176.1875, 176.1875
176.1875, 176.1875
175.4375, 175.4375
174.6875, 174.6875
174.6875, 174.6875
171.5625, 171.5625
169.9375, 169.9375
168.75, 168.75
168.75, 168.75
165.8125, 165.8125
165.5, 165.5
165.5, 165.5
165.6875, 165.6875
165.6875, 165.6875
165.6875, 165.6875
165.5, 165.5
165.4375, 165.4375
165.4375, 165.4375
165.375, 165.375
165.375, 165.375
164.6875, 164.6875
164.1875, 164.1875
164.1875, 164.1875
163.0, 163.0
163.0, 163.0
162.1875, 162.1875
162.25, 162.25
161.9375, 161.9375
161.9375, 161.9375
160.625, 160.625
160.625, 160.625
159.9375, 159.9375
159.0625, 159.0625
159.0625, 159.0625
159.0625, 159.0625
159.25, 159.25
159.375, 159.375
159.375, 159.375
158.5, 158.5
156.9375, 156.9375
156.9375, 156.9375
155.4375, 155.4375
154.125, 154.125
154.125, 154.125
154.125, 154.125
152.625, 152.625
151.125, 151.125
151.125, 151.125
150.125, 150.125
150.125, 150.125
150.1875, 150.1875
150.1875, 150.1875
150.5, 150.5
150.5, 150.5
150.75, 150.75
150.75, 150.75
149.375, 149.375
148.125, 148.125
148.125, 148.125
147.25, 147.25
147.25, 147.25
145.5625, 145.5625
145.5625, 145.5625
144.875, 144.875
144.875, 144.875
143.75, 143.75
143.625, 143.625
143.625, 143.625
144.125, 144.125
144.125, 144.125
144.4375, 144.4375
144.0, 144.0
143.25, 143.25
143.25, 143.25
142.1875, 142.1875
142.1875, 142.1875
141.5, 141.5
141.5, 141.5
140.875, 140.875
139.1875, 139.1875
139.1875, 139.1875
137.875, 137.875
137.875, 137.875
136.75, 136.75
136.75, 136.75
136.375, 136.375
136.375, 136.375
136.0, 136.0
135.8125, 135.8125
136.0, 136.0
135.625, 135.625
135.625, 135.625
134.9375, 134.9375
134.9375, 134.9375
133.875, 133.875
133.5625, 133.5625
133.5625, 133.5625
132.5625, 132.5625
132.5625, 132.5625
131.1875, 131.1875
130.375, 130.375
130.375, 130.375
129.4375, 129.4375
129.4375, 129.4375
129.375, 129.375
129.6875, 129.6875
129.6875, 129.6875
129.9375, 129.9375
129.9375, 129.9375
128.8125, 128.8125
128.25, 128.25
128.25, 128.25
127.375, 127.375
126.25, 126.25
126.25, 126.25
125.5625, 125.5625
124.25, 124.25
124.25, 124.25
123.0, 123.0
122.4375, 122.4375
122.4375, 122.4375
122.125, 122.125
122.125, 122.125
121.875, 121.875
121.875, 121.875
122.1875, 122.1875
121.5, 121.5
120.3125, 120.3125
120.3125, 120.3125
119.75, 119.75
118.4375, 118.4375
117.5625, 117.5625
116.875, 116.875
115.9375, 115.9375
115.9375, 115.9375
115.3125, 115.3125
115.1875, 115.1875
115.0, 115.0
115.0, 115.0
115.125, 115.125
115.125, 115.125
114.5625, 114.5625
114.5625, 114.5625
113.5, 113.5
112.8125, 112.8125
112.8125, 112.8125
111.5, 111.5
109.875, 109.875
109.875, 109.875
109.875, 109.875
109.25, 109.25
108.0625, 108.0625
108.0625, 108.0625
107.875, 107.875
107.5625, 107.5625
107.5625, 107.5625
107.5, 107.5
107.8125, 107.8125
107.8125, 107.8125
107.125, 107.125
107.125, 107.125
106.0, 106.0
105.375, 105.375
103.875, 103.875
103.875, 103.875
103.0, 103.0
101.625, 101.625
101.625, 101.625
100.75, 100.75
100.75, 100.75
100.375, 100.375
100.375, 100.375
99.875, 99.875
99.875, 99.875
99.875, 99.875
100.0, 100.0
100.0, 100.0
98.875, 98.875
97.9375, 97.9375
97.9375, 97.9375
97.6875, 97.6875
96.6875, 96.6875
95.875, 95.875
94.625, 94.625
94.625, 94.625
93.625, 93.625
93.125, 93.125
92.875, 92.875
92.875, 92.875
92.75, 92.75
93.0625, 93.0625
93.0625, 93.0625
92.875, 92.875
91.125, 91.125
90.5625, 90.5625
90.0, 90.0
90.0, 90.0
88.375, 88.375
86.9375, 86.9375
86.0, 86.0
86.0, 86.0
85.625, 85.625
85.625, 85.625
85.25, 85.25
85.3125, 85.3125
85.25, 85.25
84.25, 84.25
84.25, 84.25
83.625, 83.625
82.9375, 82.9375
82.9375, 82.9375
81.9375, 81.9375
81.1875, 81.1875
81.1875, 81.1875
79.875, 79.875
79.875, 79.875
79.0625, 79.0625
79.0625, 79.0625
79.0625, 79.0625
78.9375, 78.9375
78.9375, 78.9375
79.0, 79.0
79.0, 79.0
79.25, 79.25
78.625, 78.625
78.625, 78.625
77.5625, 77.5625
76.125, 76.125
76.125, 76.125
75.1875, 75.1875
73.4375, 73.4375
73.4375, 73.4375
72.25, 72.25
71.375, 71.375
71.375, 71.375
70.875, 70.875
70.875, 70.875
70.375, 70.375
70.375, 70.375
70.4375, 70.4375
70.0625, 70.0625
70.0625, 70.0625
69.4375, 69.4375
68.5, 68.5
68.5, 68.5
67.9375, 67.9375
66.6875, 66.6875
66.6875, 66.6875
65.625, 65.625
65.625, 65.625
64.9375, 64.9375
64.0, 64.0
64.0, 64.0
63.8125, 63.8125
64.25, 64.25
64.25, 64.25
64.3125, 64.3125
63.75, 63.75
63.75, 63.75
62.0625, 62.0625
62.0625, 62.0625
61.375, 61.375
61.375, 61.375
60.0, 60.0
58.375, 58.375
57.0625, 57.0625
57.0625, 57.0625
56.875, 56.875
56.875, 56.875
57.125, 57.125
57.5, 57.5
57.5, 57.5
57.6875, 57.6875
57.6875, 57.6875
56.3125, 56.3125
56.3125, 56.3125
55.0625, 55.0625
55.0625, 55.0625
54.875, 54.875
54.875, 54.875
52.8125, 52.8125
52.8125, 52.8125
51.375, 51.375
51.375, 51.375
50.1875, 50.1875
50.1875, 50.1875
49.3125, 49.3125
49.3125, 49.3125
49.0625, 49.0625
49.0, 49.0
49.0, 49.0
47.75, 47.75
46.875, 46.875
46.875, 46.875
46.4375, 46.4375
46.4375, 46.4375
45.375, 45.375
44.3125, 44.3125
44.3125, 44.3125
43.25, 43.25
42.8125, 42.8125
42.8125, 42.8125
42.8125, 42.8125
43.1875, 43.1875
43.1875, 43.1875
43.875, 43.875
42.625, 42.625
42.625, 42.625
41.4375, 41.4375
41.4375, 41.4375
40.6875, 40.6875
39.5625, 39.5625
38.0625, 38.0625
38.0625, 38.0625
36.3125, 36.3125
36.3125, 36.3125
36.4375, 36.4375
36.4375, 36.4375
36.375, 36.375
36.4375, 36.4375
36.4375, 36.4375
35.5, 35.5
34.875, 34.875
34.875, 34.875
34.4375, 34.4375
34.0, 34.0
34.0, 34.0
32.75, 32.75
32.75, 32.75
31.1875, 31.1875
30.3125, 30.3125
29.5625, 29.5625
29.5625, 29.5625
29.25, 29.25
29.0625, 29.0625
29.0625, 29.0625
29.0625, 29.0625
29.0625, 29.0625
28.9375, 28.9375
28.9375, 28.9375
27.875, 27.875
27.1875, 27.1875
27.1875, 27.1875
26.375, 26.375
25.5625, 25.5625
25.5625, 25.5625
24.1875, 24.1875
24.1875, 24.1875
23.375, 23.375
22.875, 22.875
22.875, 22.875
22.375, 22.375
22.375, 22.375
22.375, 22.375
22.8125, 22.8125
22.8125, 22.8125
22.25, 22.25
21.0625, 21.0625
21.0625, 21.0625
20.6875, 20.6875
20.6875, 20.6875
20.0, 20.0
18.5625, 18.5625
18.5625, 18.5625
17.125, 17.125
17.125, 17.125
16.0625, 16.0625
16.0625, 16.0625
15.25, 15.25
15.1875, 15.1875
14.75, 14.75
14.6875, 14.6875
14.6875, 14.6875
14.625, 14.625
14.625, 14.625
13.6875, 13.6875
13.6875, 13.6875
12.875, 12.875
12.1875, 12.1875
12.1875, 12.1875
10.6875, 10.6875
9.625, 9.625
9.125, 9.125
9.125, 9.125
8.5, 8.5
8.375, 8.375
8.375, 8.375
8.5625, 8.5625
8.625, 8.625
8.125, 8.125
8.125, 8.125
7.5625, 7.5625
6.6875, 6.6875
6.6875, 6.6875
5.625, 5.625
4.8125, 4.8125
4.0625, 4.0625
2.8125, 2.8125
2.8125, 2.8125
1.875, 1.875
1.1875, 1.1875
1.1875, 1.1875
1.1875, 1.1875
0.8125, 0.8125
0.8125, 0.8125
0.6875, 0.6875
0.625, 0.625
0.625, 0.625
0.125, 0.125
0.125, 0.125
-0.375, 359.625
-0.5, 359.5
-0.5, 359.5
-1.0625, 358.9375
-2.0, 358.0
-2.0, 358.0
-2.625, 357.375
-2.875, 357.125
-2.875, 357.125
-3.875, 356.125
-5.25, 354.75
-5.25, 354.75
-5.75, 354.25
-5.9375, 354.0625
-5.9375, 354.0625
-5.3125, 354.6875
-5.3125, 354.6875
-4.9375, 355.0625
-5.6875, 354.3125
-5.6875, 354.3125
-6.375, 353.625
-7.625, 352.375
-8.6875, 351.3125
-8.6875, 351.3125
-9.375, 350.625
-9.375, 350.625
-9.5625, 350.4375
-9.625, 350.375
-9.4375, 350.5625
-9.4375, 350.5625
-8.8125, 351.1875
-8.8125, 351.1875
-8.6875, 351.3125
-8.75, 351.25
-8.75, 351.25
-8.5625, 351.4375
-8.375, 351.625
-8.375, 351.625
-8.5625, 351.4375
-8.5625, 351.4375
-8.6875, 351.3125
-8.6875, 351.3125
-8.8125, 351.1875
-8.8125, 351.1875
-8.625, 351.375
-7.8125, 352.1875
-7.8125, 352.1875
-7.6875, 352.3125
-7.6875, 352.3125
-7.8125, 352.1875
-8.125, 351.875
-8.375, 351.625
-8.375, 351.625
-9.0, 351.0
-9.0, 351.0
-9.25, 350.75
-9.25, 350.75
-9.75, 350.25
-9.8125, 350.1875
-9.8125, 350.1875
-9.75, 350.25
-8.125, 351.875
-8.125, 351.875
-7.0625, 352.9375
-6.625, 353.375
-6.625, 353.375
-5.9375, 354.0625
-5.9375, 354.0625
-5.75, 354.25
-6.25, 353.75
-6.25, 353.75
-6.25, 353.75
-7.3125, 352.6875
-7.3125, 352.6875
-7.6875, 352.3125
-7.875, 352.125
-7.875, 352.125
-8.5625, 351.4375
-8.5, 351.5
-8.5, 351.5
-8.25, 351.75
-8.8125, 351.1875
-8.8125, 351.1875
-9.3125, 350.6875
-9.3125, 350.6875
-10.25, 349.75
-11.125, 348.875
-11.5625, 348.4375
-11.5625, 348.4375
-11.6875, 348.3125
-11.6875, 348.3125
-11.3125, 348.6875
-11.0, 349.0
-11.0, 349.0
-9.8125, 350.1875
-9.8125, 350.1875
-7.9375, 352.0625
-8.0, 352.0
-8.0, 352.0
-8.625, 351.375
-8.75, 351.25
-8.75, 351.25
-7.8125, 352.1875
-7.8125, 352.1875
-7.6875, 352.3125
-7.6875, 352.3125
-8.625, 351.375
-8.625, 351.375
-8.8125, 351.1875
-9.5, 350.5
-9.5, 350.5
-9.8125, 350.1875
-9.8125, 350.1875
-8.875, 351.125
-8.875, 351.125
-8.8125, 351.1875
-9.375, 350.625
-9.375, 350.625
-9.0625, 350.9375
-9.0625, 350.9375
-8.5, 351.5
-9.375, 350.625
-9.375, 350.625
-10.25, 349.75
-11.0, 349.0
-10.75, 349.25
-10.75, 349.25
-10.75, 349.25
-10.75, 349.25
-11.25, 348.75
-10.875, 349.125
-10.875, 349.125
-10.9375, 349.0625
-10.8125, 349.1875
-10.8125, 349.1875
-9.9375, 350.0625
-9.9375, 350.0625
-9.9375, 350.0625
-10.875, 349.125
-10.875, 349.125
-10.875, 349.125
-10.6875, 349.3125
-10.6875, 349.3125
-11.1875, 348.8125
-11.1875, 348.8125
-11.8125, 348.1875
-11.625, 348.375
-11.625, 348.375
-11.1875, 348.8125
-10.125, 349.875
-10.125, 349.875
-9.5625, 350.4375
-8.625, 351.375
-8.625, 351.375
-8.375, 351.625
-8.1875, 351.8125
-8.1875, 351.8125
-7.9375, 352.0625
-7.9375, 352.0625
-7.9375, 352.0625
-8.9375, 351.0625
-8.6875, 351.3125
-8.6875, 351.3125
-9.0625, 350.9375
-9.0625, 350.9375
-8.6875, 351.3125
-8.6875, 351.3125
-8.3125, 351.6875
-8.3125, 351.6875
-8.3125, 351.6875
-7.875, 352.125
-7.625, 352.375
-7.625, 352.375
-6.875, 353.125
-7.125, 352.875
-7.3125, 352.6875
-7.3125, 352.6875
-6.5, 353.5
-6.6875, 353.3125
-7.5, 352.5
-7.5, 352.5
-7.375, 352.625
-7.375, 352.625
-7.375, 352.625
-7.5625, 352.4375
-7.25, 352.75
-7.25, 352.75
-7.4375, 352.5625
-7.4375, 352.5625
-7.4375, 352.5625
-6.875, 353.125
-6.875, 353.125
-6.5625, 353.4375
-6.3125, 353.6875
-6.3125, 353.6875
-6.625, 353.375
-6.6875, 353.3125
-6.6875, 353.3125
-6.875, 353.125
-6.875, 353.125
-7.75, 352.25
-9.125, 350.875
-9.125, 350.875
-9.5, 350.5
-9.5, 350.5
-9.5, 350.5
-9.5, 350.5
-10.6875, 349.3125
-10.6875, 349.3125
-9.75, 350.25
-8.75, 351.25
-8.75, 351.25
-8.75, 351.25
-7.9375, 352.0625
-7.375, 352.625
-7.375, 352.625
-7.0625, 352.9375
-7.1875, 352.8125
-7.1875, 352.8125
-7.625, 352.375
-7.6875, 352.3125
-7.6875, 352.3125
-8.0, 352.0
-8.0, 352.0
-8.3125, 351.6875
-8.3125, 351.6875
-7.9375, 352.0625
-7.875, 352.125
-7.875, 352.125
-8.25, 351.75
-8.3125, 351.6875
-8.3125, 351.6875
-7.875, 352.125
-7.875, 352.125
-7.4375, 352.5625
-7.5, 352.5
-7.5, 352.5
-8.125, 351.875
-8.5625, 351.4375
-8.5625, 351.4375
-9.5625, 350.4375
-9.5625, 350.4375
-10.375, 349.625
-10.375, 349.625
-10.25, 349.75
-10.4375, 349.5625
-10.4375, 349.5625
-11.0, 349.0
-11.625, 348.375
-10.875, 349.125
-10.5625, 349.4375
-10.5625, 349.4375
-10.0625, 349.9375
-10.0625, 349.9375
-9.9375, 350.0625
-9.5625, 350.4375
-9.5625, 350.4375
-9.625, 350.375
-9.625, 350.375
-10.625, 349.375
-11.0, 349.0
-11.0, 349.0
-10.6875, 349.3125
-10.0625, 349.9375
-10.0625, 349.9375
-10.8125, 349.1875
-11.0, 349.0
-11.0, 349.0
-11.0, 349.0
-11.5625, 348.4375
-12.0, 348.0
-11.8125, 348.1875
-11.8125, 348.1875
-11.875, 348.125
-11.875, 348.125
-12.125, 347.875
-12.125, 347.875
-12.3125, 347.6875
-12.75, 347.25
-13.625, 346.375
-13.625, 346.375
-15.1875, 344.8125
-16.9375, 343.0625
-16.9375, 343.0625
-18.5625, 341.4375
-18.5625, 341.4375
-20.0, 340.0
-21.0, 339.0
-21.0, 339.0
-22.1875, 337.8125
-22.1875, 337.8125
-22.75, 337.25
-22.5625, 337.4375
-22.5625, 337.4375
-22.25, 337.75
-22.5, 337.5
-22.5, 337.5
-24.25, 335.75
-24.25, 335.75
-25.3125, 334.6875
-25.875, 334.125
-25.875, 334.125
-27.0625, 332.9375
-27.75, 332.25
-27.75, 332.25
-28.75, 331.25
-29.0625, 330.9375
-29.0625, 330.9375
-29.125, 330.875
-29.0, 331.0
-29.0, 331.0
-28.6875, 331.3125
-29.375, 330.625
-29.375, 330.625
-30.6875, 329.3125
-30.6875, 329.3125
-30.6875, 329.3125
-31.625, 328.375
-33.125, 326.875
-33.125, 326.875
-34.9375, 325.0625
-35.5625, 324.4375
-35.5625, 324.4375
-36.5625, 323.4375
-36.5625, 323.4375
-37.125, 322.875
-37.3125, 322.6875
-37.3125, 322.6875
-37.4375, 322.5625
-37.4375, 322.5625
-38.625, 321.375
-38.625, 321.375
-39.625, 320.375
-39.625, 320.375
-40.0625, 319.9375
-41.5625, 318.4375
-41.5625, 318.4375
-42.5625, 317.4375
-42.5625, 317.4375
-43.25, 316.75
-43.25, 316.75
-43.25, 316.75
-43.25, 316.75
-43.0625, 316.9375
-43.625, 316.375
-44.25, 315.75
-45.0625, 314.9375
-46.875, 313.125
-47.625, 312.375
-49.1875, 310.8125
-49.3125, 310.6875
-49.0625, 310.9375
-48.8125, 311.1875
-48.375, 311.625
-47.1875, 312.8125
-46.75, 313.25
-46.0625, 313.9375
-45.4375, 314.5625
-45.375, 314.625
-45.5, 314.5
-46.25, 313.75
-46.375, 313.625
-46.25, 313.75
-46.25, 313.75
-46.1875, 313.8125
-46.3125, 313.6875
-46.6875, 313.3125
-46.8125, 313.1875
-47.0625, 312.9375
-46.875, 313.125
-46.75, 313.25
-46.8125, 313.1875
-47.125, 312.875
-47.1875, 312.8125
-46.5625, 313.4375
-45.875, 314.125
-45.75, 314.25
-45.6875, 314.3125
-45.75, 314.25
-45.8125, 314.1875
-45.6875, 314.3125
-45.75, 314.25
-45.875, 314.125
-45.9375, 314.0625
-45.875, 314.125
-45.625, 314.375
-45.75, 314.25
-45.9375, 314.0625
-46.0625, 313.9375
-46.5, 313.5
-46.625, 313.375
-46.6875, 313.3125
-47.0, 313.0
-46.875, 313.125
-46.5625, 313.4375
-45.875, 314.125
-45.5625, 314.4375
-45.5, 314.5
-45.4375, 314.5625
-45.4375, 314.5625
-45.4375, 314.5625
-45.625, 314.375
-45.8125, 314.1875
-45.9375, 314.0625
-45.9375, 314.0625
-46.25, 313.75
-46.1875, 313.8125
-46.1875, 313.8125
-46.3125, 313.6875
-46.375, 313.625
-46.375, 313.625
-46.4375, 313.5625
-46.375, 313.625
-46.375, 313.625
-46.375, 313.625
-46.75, 313.25
-46.6875, 313.3125
-46.625, 313.375
-46.5625, 313.4375
-46.0625, 313.9375
-45.8125, 314.1875
-45.6875, 314.3125
-45.625, 314.375
-45.625, 314.375
-45.5, 314.5
-45.6875, 314.3125
-45.625, 314.375
-45.75, 314.25
-46.125, 313.875
-46.25, 313.75
-46.4375, 313.5625
-47.0, 313.0
-47.0625, 312.9375
-47.0625, 312.9375
-47.4375, 312.5625
-47.375, 312.625
-47.25, 312.75
-47.0, 313.0
-46.75, 313.25
-46.5625, 313.4375
-46.5625, 313.4375
-46.5625, 313.4375
-46.5, 313.5
-46.625, 313.375
-46.875, 313.125
-47.0, 313.0
-47.125, 312.875
-46.875, 313.125
-46.5625, 313.4375
-46.375, 313.625
-45.75, 314.25
-45.5625, 314.4375
-45.5, 314.5
-45.625, 314.375
-45.75, 314.25
-45.75, 314.25
-46.3125, 313.6875
-46.4375, 313.5625
-46.5625, 313.4375
-46.75, 313.25
-47.375, 312.625
-47.5625, 312.4375
-47.5625, 312.4375
-47.625, 312.375
-47.5625, 312.4375
-47.5625, 312.4375
-47.625, 312.375
-47.5625, 312.4375
-47.5, 312.5
-47.4375, 312.5625
-47.3125, 312.6875
-47.1875, 312.8125
-47.0625, 312.9375
-46.625, 313.375
-46.25, 313.75
-46.1875, 313.8125
-45.875, 314.125
-45.875, 314.125
-45.75, 314.25
-45.75, 314.25
-46.0, 314.0
-46.625, 313.375
-46.6875, 313.3125
-46.6875, 313.3125
-47.1875, 312.8125
-47.3125, 312.6875
-48.125, 311.875
-48.3125, 311.6875
-48.4375, 311.5625
-48.625, 311.375
-48.6875, 311.3125
-48.6875, 311.3125
-48.75, 311.25
-48.5, 311.5
-48.1875, 311.8125
-47.9375, 312.0625
-47.8125, 312.1875
-47.75, 312.25
-47.5625, 312.4375
-47.375, 312.625
-47.125, 312.875
-46.9375, 313.0625
-46.75, 313.25
-46.25, 313.75
-46.0, 314.0
-45.8125, 314.1875
-45.625, 314.375
-45.6875, 314.3125
-46.0, 314.0
-46.6875, 313.3125
-46.9375, 313.0625
-47.125, 312.875
-47.25, 312.75
-47.6875, 312.3125
-48.3125, 311.6875
-49.0, 311.0
-49.0, 311.0
-48.9375, 311.0625
-48.75, 311.25
-48.5, 311.5
-47.9375, 312.0625
-47.6875, 312.3125
-47.125, 312.875
-46.5625, 313.4375
-46.4375, 313.5625
-45.875, 314.125
-45.625, 314.375
-45.3125, 314.6875
-45.375, 314.625
-45.5, 314.5
-45.625, 314.375
-45.8125, 314.1875
-46.125, 313.875
-46.1875, 313.8125
-46.375, 313.625
-46.25, 313.75
-46.375, 313.625
-46.6875, 313.3125
-47.3125, 312.6875
-47.5, 312.5
-47.5625, 312.4375
-47.625, 312.375
-47.625, 312.375
-47.625, 312.375
-47.375, 312.625
-46.9375, 313.0625
-46.4375, 313.5625
-46.0625, 313.9375
-45.5, 314.5
-45.0625, 314.9375
-44.75, 315.25
-44.625, 315.375
-44.6875, 315.3125
-44.8125, 315.1875
-45.125, 314.875
-45.5, 314.5
-45.5625, 314.4375
-45.75, 314.25
-45.8125, 314.1875
-46.0, 314.0
-47.0, 313.0
-47.375, 312.625
-47.75, 312.25
-48.0625, 311.9375
-48.125, 311.875
-48.125, 311.875
-48.0625, 311.9375
-47.9375, 312.0625
-47.5625, 312.4375
-47.25, 312.75
-46.5625, 313.4375
-46.4375, 313.5625
-46.1875, 313.8125
-46.125, 313.875
-45.75, 314.25
-45.5625, 314.4375
-45.5, 314.5
-45.4375, 314.5625
-45.0625, 314.9375
-44.875, 315.125
-45.125, 314.875
-45.4375, 314.5625
-45.9375, 314.0625
-46.0625, 313.9375
-46.8125, 313.1875
-47.3125, 312.6875
-47.9375, 312.0625
-48.5, 311.5
-48.75, 311.25
-48.8125, 311.1875
-48.6875, 311.3125
-48.375, 311.625
-47.9375, 312.0625
-47.5, 312.5
-46.8125, 313.1875
-46.4375, 313.5625
-45.875, 314.125
-45.8125, 314.1875
-45.8125, 314.1875
-45.4375, 314.5625
-45.375, 314.625
-45.3125, 314.6875
-45.0625, 314.9375
-44.8125, 315.1875
-44.625, 315.375
-44.9375, 315.0625
-45.25, 314.75
-46.0625, 313.9375
-46.25, 313.75
-46.75, 313.25
-47.125, 312.875
-47.75, 312.25
-47.875, 312.125
-47.9375, 312.0625
-47.6875, 312.3125
-47.25, 312.75
-46.8125, 313.1875
-46.0625, 313.9375
-45.5625, 314.4375
-45.375, 314.625
-45.0625, 314.9375
-45.0625, 314.9375
-45.0625, 314.9375
-45.0, 315.0
-44.75, 315.25
-44.5625, 315.4375
-44.0625, 315.9375
-44.0, 316.0
-44.5625, 315.4375
-44.8125, 315.1875
-45.5, 314.5
-45.625, 314.375
-46.125, 313.875
-46.9375, 313.0625
-47.3125, 312.6875
-47.4375, 312.5625
-47.875, 312.125
-47.9375, 312.0625
-47.75, 312.25
-47.375, 312.625
-46.75, 313.25
-46.1875, 313.8125
-45.9375, 314.0625
-45.5625, 314.4375
-45.1875, 314.8125
-45.1875, 314.8125
-45.25, 314.75
-45.1875, 314.8125
-45.0625, 314.9375
-45.1875, 314.8125
-45.125, 314.875
-44.8125, 315.1875
-44.4375, 315.5625
-44.1875, 315.8125
-44.0, 316.0
-44.375, 315.625
-44.8125, 315.1875
-45.1875, 314.8125
-45.625, 314.375
-46.5, 313.5
-47.625, 312.375
-48.0, 312.0
-48.1875, 311.8125
-48.25, 311.75
-48.3125, 311.6875
-48.125, 311.875
-48.0, 312.0
-47.625, 312.375
-47.5625, 312.4375
-47.125, 312.875
-47.0, 313.0
-46.4375, 313.5625
-46.3125, 313.6875
-45.875, 314.125
-45.8125, 314.1875
-45.5, 314.5
-45.5, 314.5
-45.4375, 314.5625
-45.375, 314.625
-45.125, 314.875
-45.0, 315.0
-45.0625, 314.9375
-45.0625, 314.9375
-44.9375, 315.0625
-44.8125, 315.1875
-44.8125, 315.1875
-44.9375, 315.0625
-45.125, 314.875
-45.375, 314.625
-45.75, 314.25
-46.125, 313.875
-46.875, 313.125
-47.1875, 312.8125
-47.625, 312.375
-47.8125, 312.1875
-47.625, 312.375
-47.25, 312.75
-47.25, 312.75
-46.8125, 313.1875
-46.375, 313.625
-46.3125, 313.6875
-46.125, 313.875
-45.875, 314.125
-45.5625, 314.4375
-45.5625, 314.4375
-45.625, 314.375
-45.375, 314.625
-45.25, 314.75
-44.8125, 315.1875
-44.6875, 315.3125
-44.8125, 315.1875
-45.0, 315.0
-44.8125, 315.1875
-44.9375, 315.0625
-45.125, 314.875
-45.1875, 314.8125
-45.875, 314.125
-46.125, 313.875
-47.0, 313.0
-47.25, 312.75
-47.5, 312.5
-47.8125, 312.1875
-47.625, 312.375
-47.0, 313.0
-47.0, 313.0
-46.375, 313.625
-46.0, 314.0
-45.875, 314.125
-45.625, 314.375
-45.5, 314.5
-45.1875, 314.8125
-45.0625, 314.9375
-45.125, 314.875
-45.0, 315.0
-44.875, 315.125
-45.125, 314.875
-45.0625, 314.9375
-45.25, 314.75
-45.4375, 314.5625
-45.5625, 314.4375
-45.75, 314.25
-46.0, 314.0
-47.0, 313.0
-47.1875, 312.8125
-47.375, 312.625
-46.875, 313.125
-46.625, 313.375
-46.4375, 313.5625
-45.9375, 314.0625
-45.625, 314.375
-45.3125, 314.6875
-45.125, 314.875
-45.0625, 314.9375
-45.0625, 314.9375
-44.9375, 315.0625
-44.9375, 315.0625
-45.1875, 314.8125
-45.125, 314.875
-45.0625, 314.9375
-44.9375, 315.0625
-45.125, 314.875
-45.25, 314.75
-45.1875, 314.8125
-45.3125, 314.6875
-45.4375, 314.5625
-46.125, 313.875
-46.8125, 313.1875
-47.375, 312.625
-47.375, 312.625
-46.75, 313.25
-46.625, 313.375
-45.625, 314.375
-45.4375, 314.5625
-45.0, 315.0
-44.8125, 315.1875
-44.5, 315.5
-44.375, 315.625
-44.4375, 315.5625
-44.8125, 315.1875
-45.0, 315.0
-45.0625, 314.9375
-45.0, 315.0
-45.25, 314.75
-45.8125, 314.1875
-45.8125, 314.1875
-45.8125, 314.1875
-45.8125, 314.1875
-46.1875, 313.8125
-46.4375, 313.5625
-47.25, 312.75
-47.125, 312.875
-46.25, 313.75
-46.125, 313.875
-45.6875, 314.3125
-45.625, 314.375
-45.1875, 314.8125
-45.0, 315.0
-44.8125, 315.1875
-44.5625, 315.4375
-44.5, 315.5
-44.875, 315.125
-45.1875, 314.8125
-45.1875, 314.8125
-45.125, 314.875
-45.25, 314.75
-45.3125, 314.6875
-45.625, 314.375
-45.6875, 314.3125
-45.875, 314.125
-45.9375, 314.0625
-46.0, 314.0
-46.5625, 313.4375
-46.75, 313.25
-47.0, 313.0
-47.0625, 312.9375
-46.0625, 313.9375
-45.4375, 314.5625
-45.4375, 314.5625
-45.4375, 314.5625
-45.125, 314.875
-44.75, 315.25
-44.5625, 315.4375
-44.1875, 315.8125
-44.3125, 315.6875
-44.75, 315.25
-44.9375, 315.0625
-44.9375, 315.0625
-45.125, 314.875
-45.3125, 314.6875
-45.375, 314.625
-45.4375, 314.5625
-45.5625, 314.4375
-45.5, 314.5
-45.4375, 314.5625
-45.75, 314.25
-46.125, 313.875
-46.5, 313.5
-46.6875, 313.3125
-46.25, 313.75
-45.9375, 314.0625
-45.6875, 314.3125
-45.5625, 314.4375
-45.375, 314.625
-44.75, 315.25
-44.6875, 315.3125
-44.25, 315.75
-44.125, 315.875
-44.125, 315.875
-44.5, 315.5
-44.5625, 315.4375
-44.5625, 315.4375
-44.8125, 315.1875
-45.0, 315.0
-45.375, 314.625
-45.4375, 314.5625
-45.375, 314.625
-45.4375, 314.5625
-45.5, 314.5
-45.5625, 314.4375
-45.5, 314.5
-45.75, 314.25
-46.1875, 313.8125
-46.5, 313.5
-46.6875, 313.3125
-46.25, 313.75
-46.125, 313.875
-46.0, 314.0
-45.9375, 314.0625
-45.6875, 314.3125
-45.3125, 314.6875
-44.75, 315.25
-44.375, 315.625
-44.75, 315.25
-44.75, 315.25
-44.9375, 315.0625
-45.1875, 314.8125
-45.375, 314.625
-45.6875, 314.3125
-45.9375, 314.0625
-46.1875, 313.8125
-46.1875, 313.8125
-46.3125, 313.6875
-46.375, 313.625
-46.1875, 313.8125
-46.0625, 313.9375
-46.0, 314.0
-46.0625, 313.9375
-46.0, 314.0
-46.0, 314.0
-45.625, 314.375
-45.6875, 314.3125
-45.5, 314.5
-45.4375, 314.5625
-45.5, 314.5
-45.5, 314.5
-45.6875, 314.3125
-45.9375, 314.0625
-45.9375, 314.0625
-46.0625, 313.9375
-46.1875, 313.8125
-46.1875, 313.8125
-46.1875, 313.8125
-46.1875, 313.8125
-46.125, 313.875
-46.0625, 313.9375
-46.0, 314.0
-46.0, 314.0
-46.0, 314.0
-45.9375, 314.0625
-45.875, 314.125
-45.8125, 314.1875
-45.75, 314.25
-45.75, 314.25
-45.75, 314.25
-45.6875, 314.3125
-45.75, 314.25
-45.8125, 314.1875
-45.9375, 314.0625
-46.0625, 313.9375
-46.0625, 313.9375
-46.25, 313.75
-46.1875, 313.8125
-46.0625, 313.9375
-45.75, 314.25
-45.5, 314.5
-45.375, 314.625
-45.0, 315.0
-44.5, 315.5
-44.4375, 315.5625
-44.4375, 315.5625
-44.5625, 315.4375
-44.6875, 315.3125
-44.625, 315.375
-44.625, 315.375
-44.125, 315.875
-43.625, 316.375
-43.5, 316.5
-43.1875, 316.8125
-43.125, 316.875
-43.1875, 316.8125
-43.1875, 316.8125
-43.1875, 316.8125
-43.125, 316.875
-43.125, 316.875
-43.125, 316.875
-43.125, 316.875
-43.125, 316.875
-43.0625, 316.9375
-43.0625, 316.9375
-43.0625, 316.9375
-43.0625, 316.9375
-43.0625, 316.9375
-43.0, 317.0
-43.0, 317.0
-43.0, 317.0
-43.0, 317.0
-42.9375, 317.0625
-42.8125, 317.1875
-42.8125, 317.1875
-42.6875, 317.3125
-42.6875, 317.3125
-42.5, 317.5
-42.5, 317.5
-42.5, 317.5
-42.1875, 317.8125
-42.1875, 317.8125
-42.0625, 317.9375
-42.0625, 317.9375
-41.8125, 318.1875
-41.8125, 318.1875
-41.5, 318.5
-41.5, 318.5
-41.3125, 318.6875
-41.1875, 318.8125
-41.1875, 318.8125
-41.1875, 318.8125
-41.1875, 318.8125
-41.3125, 318.6875
-41.3125, 318.6875
-41.5625, 318.4375
-41.5625, 318.4375
-41.8125, 318.1875
-42.0, 318.0
-42.0, 318.0
-42.25, 317.75
-42.375, 317.625
-42.375, 317.625
-42.375, 317.625
-42.3125, 317.6875
-42.3125, 317.6875
-42.125, 317.875
-42.0625, 317.9375
-42.0625, 317.9375
-41.9375, 318.0625
-41.8125, 318.1875
-41.8125, 318.1875
-41.625, 318.375
-41.4375, 318.5625
-41.4375, 318.5625
-41.3125, 318.6875
-41.3125, 318.6875
-41.25, 318.75
-41.3125, 318.6875
-41.375, 318.625
-41.375, 318.625
-41.5625, 318.4375
-41.5625, 318.4375
-41.6875, 318.3125
-41.6875, 318.3125
-41.875, 318.125
-42.0, 318.0
-42.0, 318.0
-42.0625, 317.9375
-42.0625, 317.9375
-42.0625, 317.9375
-42.0625, 317.9375
-42.0625, 317.9375
-41.9375, 318.0625
-41.9375, 318.0625
-41.875, 318.125
-41.875, 318.125
-41.75, 318.25
-41.75, 318.25
-41.6875, 318.3125
-41.625, 318.375
-41.625, 318.375
-41.5625, 318.4375
-41.4375, 318.5625
-41.4375, 318.5625
-41.4375, 318.5625
-41.4375, 318.5625
-41.4375, 318.5625
-41.4375, 318.5625
-41.5625, 318.4375
-41.625, 318.375
-41.75, 318.25
-41.75, 318.25
-41.8125, 318.1875
-41.875, 318.125
-41.9375, 318.0625
-41.9375, 318.0625
-41.9375, 318.0625
-42.0, 318.0
-42.0, 318.0
-42.0625, 317.9375
-42.0625, 317.9375
-42.0, 318.0
-41.9375, 318.0625
-41.875, 318.125
-41.875, 318.125
-41.875, 318.125
-41.875, 318.125
-41.75, 318.25
-41.75, 318.25
-41.6875, 318.3125
-41.6875, 318.3125
-41.6875, 318.3125
-41.6875, 318.3125
-41.625, 318.375
-41.625, 318.375
-41.625, 318.375
-41.625, 318.375
-41.6875, 318.3125
-41.6875, 318.3125
-41.75, 318.25
-41.8125, 318.1875
-41.875, 318.125
-41.875, 318.125
-41.875, 318.125
-41.9375, 318.0625
-41.9375, 318.0625
-41.9375, 318.0625
-41.9375, 318.0625
-42.0, 318.0
-42.0, 318.0
-42.0625, 317.9375
-42.0625, 317.9375
-42.0625, 317.9375
-42.0625, 317.9375
-42.0625, 317.9375
-42.0625, 317.9375
-42.0625, 317.9375
-42.0625, 317.9375
-42.0625, 317.9375
-42.0625, 317.9375
-42.0, 318.0
-42.0, 318.0
-41.9375, 318.0625
-41.9375, 318.0625
-41.9375, 318.0625
-41.9375, 318.0625
-41.9375, 318.0625
-42.0, 318.0
-42.0625, 317.9375
-42.0625, 317.9375
-42.0625, 317.9375
-42.0625, 317.9375
-42.0625, 317.9375
-42.0625, 317.9375
-42.125, 317.875
-42.125, 317.875
-42.1875, 317.8125
-42.1875, 317.8125
-42.1875, 317.8125
-42.1875, 317.8125
-42.1875, 317.8125
-42.25, 317.75
-42.25, 317.75
-42.3125, 317.6875
-42.3125, 317.6875
-42.375, 317.625
-42.375, 317.625
-42.375, 317.625
-42.375, 317.625
-42.375, 317.625
-42.375, 317.625
-42.375, 317.625
-42.375, 317.625
-42.375, 317.625
-42.375, 317.625
-42.375, 317.625
-42.3125, 317.6875
-42.3125, 317.6875
-42.3125, 317.6875
-42.3125, 317.6875
-42.3125, 317.6875
-42.375, 317.625
-42.375, 317.625
-42.375, 317.625
-42.375, 317.625
-42.375, 317.625
-42.4375, 317.5625
-42.4375, 317.5625
-42.5, 317.5
-42.5, 317.5
-42.625, 317.375
-42.625, 317.375
-42.6875, 317.3125
-42.6875, 317.3125
-42.75, 317.25
-42.75, 317.25
-42.75, 317.25
-42.75, 317.25
-42.75, 317.25
-42.75, 317.25
-42.75, 317.25
-42.75, 317.25
-42.8125, 317.1875
-42.8125, 317.1875
-42.875, 317.125
-42.875, 317.125
-42.9375, 317.0625
-43.0625, 316.9375
-43.125, 316.875
-43.125, 316.875
-43.0, 317.0
-43.0, 317.0
-42.625, 317.375
-42.0, 318.0
-42.0, 318.0
-41.5625, 318.4375
-40.625, 319.375
-40.3125, 319.6875
-40.3125, 319.6875
-39.375, 320.625
-38.25, 321.75
-37.75, 322.25
-37.75, 322.25
-36.75, 323.25
-35.9375, 324.0625
-35.3125, 324.6875
-35.3125, 324.6875
-34.9375, 325.0625
-34.9375, 325.0625
-34.1875, 325.8125
-34.1875, 325.8125
-34.125, 325.875
-34.375, 325.625
-34.375, 325.625
-34.125, 325.875
-33.8125, 326.1875
-33.1875, 326.8125
-32.1875, 327.8125
-32.1875, 327.8125
-30.9375, 329.0625
-30.9375, 329.0625
-29.5, 330.5
-28.75, 331.25
-28.75, 331.25
-27.4375, 332.5625
-27.4375, 332.5625
-26.3125, 333.6875
-26.3125, 333.6875
-25.125, 334.875
-25.125, 334.875
-25.0, 335.0
-25.0, 335.0
-25.125, 334.875
-24.875, 335.125
-24.875, 335.125
-24.875, 335.125
-24.5625, 335.4375
-24.25, 335.75
-24.25, 335.75
-23.4375, 336.5625
-23.4375, 336.5625
-22.1875, 337.8125
-22.1875, 337.8125
-20.875, 339.125
-19.9375, 340.0625
-19.9375, 340.0625
-19.6875, 340.3125
-19.6875, 340.3125
-19.25, 340.75
-18.8125, 341.1875
-18.8125, 341.1875
-18.875, 341.125
-19.375, 340.625
-19.375, 340.625
-19.4375, 340.5625
-19.25, 340.75
-19.25, 340.75
-18.625, 341.375
-18.3125, 341.6875
-17.875, 342.125
-17.875, 342.125
-17.4375, 342.5625
-17.4375, 342.5625
-16.875, 343.125
-16.4375, 343.5625
-15.6875, 344.3125
-15.6875, 344.3125
-15.5625, 344.4375
-15.5625, 344.4375
-15.5, 344.5
-15.5, 344.5
-14.9375, 345.0625
-14.9375, 345.0625
-14.625, 345.375
-14.1875, 345.8125
-14.1875, 345.8125
-13.875, 346.125
-13.875, 346.125
-13.75, 346.25
-13.75, 346.25
-13.25, 346.75
-12.375, 347.625
-11.9375, 348.0625
-11.0625, 348.9375
-11.0625, 348.9375
-10.8125, 349.1875
-10.3125, 349.6875
-10.3125, 349.6875
-9.8125, 350.1875
-9.8125, 350.1875
-9.625, 350.375
-8.8125, 351.1875
-8.8125, 351.1875
-7.9375, 352.0625
-7.5, 352.5
-7.5, 352.5
-7.0625, 352.9375
-7.0625, 352.9375
-6.1875, 353.8125
-5.9375, 354.0625
-5.9375, 354.0625
-5.1875, 354.8125
-5.1875, 354.8125
-4.375, 355.625
-3.75, 356.25
-3.75, 356.25
-3.0, 357.0
-2.75, 357.25
-2.75, 357.25
-2.75, 357.25
-2.625, 357.375
-2.625, 357.375
-2.0625, 357.9375
-2.0625, 357.9375
-2.0625, 357.9375
-1.125, 358.875
-0.875, 359.125
-0.875, 359.125
-0.375, 359.625
0.4375, 0.4375
1.25, 1.25
1.6875, 1.6875
1.6875, 1.6875
2.375, 2.375
2.875, 2.875
2.875, 2.875
3.0625, 3.0625
3.0625, 3.0625
3.5, 3.5
4.375, 4.375
4.5625, 4.5625
4.5625, 4.5625
4.5625, 4.5625
4.9375, 4.9375
5.75, 5.75
5.75, 5.75
6.0625, 6.0625
6.0625, 6.0625
6.5625, 6.5625
7.0625, 7.0625
7.6875, 7.6875
7.6875, 7.6875
8.5625, 8.5625
9.75, 9.75
9.75, 9.75
10.5625, 10.5625
10.8125, 10.8125
10.8125, 10.8125
11.3125, 11.3125
12.0, 12.0
12.0, 12.0
12.3125, 12.3125
12.5625, 12.5625
12.5625, 12.5625
13.0625, 13.0625
13.3125, 13.3125
13.3125, 13.3125
13.5625, 13.5625
13.5625, 13.5625
14.4375, 14.4375
14.875, 14.875
14.875, 14.875
15.625, 15.625
16.625, 16.625
16.625, 16.625
17.625, 17.625
17.625, 17.625
18.1875, 18.1875
18.5625, 18.5625
18.5625, 18.5625
18.5625, 18.5625
19.375, 19.375
19.6875, 19.6875
19.6875, 19.6875
20.0625, 20.0625
20.0625, 20.0625
20.6875, 20.6875
21.0, 21.0
21.0, 21.0
21.375, 21.375
21.5625, 21.5625
22.375, 22.375
22.375, 22.375
22.6875, 22.6875
22.6875, 22.6875
23.625, 23.625
24.8125, 24.8125
24.8125, 24.8125
25.5, 25.5
25.5, 25.5
26.0, 26.0
26.0, 26.0
26.75, 26.75
26.9375, 26.9375
27.0, 27.0
27.0, 27.0
27.5625, 27.5625
28.0, 28.0
28.0, 28.0
28.4375, 28.4375
28.4375, 28.4375
29.0, 29.0
29.75, 29.75
29.75, 29.75
30.4375, 30.4375
30.4375, 30.4375
31.625, 31.625
31.625, 31.625
32.4375, 32.4375
32.6875, 32.6875
32.6875, 32.6875
33.125, 33.125
34.0, 34.0
34.0, 34.0
34.375, 34.375
34.5625, 34.5625
34.5625, 34.5625
35.125, 35.125
35.375, 35.375
35.375, 35.375
35.9375, 35.9375
35.9375, 35.9375
36.5, 36.5
36.8125, 36.8125
36.8125, 36.8125
37.5, 37.5
37.5, 37.5
38.6875, 38.6875
39.375, 39.375
40.5, 40.5
40.5, 40.5
41.0, 41.0
41.3125, 41.3125
41.3125, 41.3125
41.3125, 41.3125
41.3125, 41.3125
42.25, 42.25
42.25, 42.25
42.25, 42.25
42.875, 42.875
42.875, 42.875
43.3125, 43.3125
43.375, 43.375
43.375, 43.375
43.75, 43.75
43.75, 43.75
44.4375, 44.4375
44.875, 44.875
44.875, 44.875
46.375, 46.375
46.375, 46.375
47.5625, 47.5625
47.5625, 47.5625
47.5625, 47.5625
48.1875, 48.1875
48.8125, 48.8125
48.8125, 48.8125
49.1875, 49.1875
49.5, 49.5
49.9375, 49.9375
50.1875, 50.1875
50.1875, 50.1875
50.6875, 50.6875
50.875, 50.875
50.875, 50.875
51.1875, 51.1875
51.5, 51.5
51.5, 51.5
52.25, 52.25
53.1875, 53.1875
53.1875, 53.1875
54.5, 54.5
54.5, 54.5
55.4375, 55.4375
55.625, 55.625
55.625, 55.625
56.125, 56.125
56.8125, 56.8125
57.0, 57.0
57.25, 57.25
57.25, 57.25
57.5625, 57.5625
58.125, 58.125
58.125, 58.125
58.25, 58.25
58.25, 58.25
58.625, 58.625
58.9375, 58.9375
58.9375, 58.9375
59.75, 59.75
59.75, 59.75
60.4375, 60.4375
62.25, 62.25
62.25, 62.25
62.8125, 62.8125
62.8125, 62.8125
63.3125, 63.3125
63.3125, 63.3125
64.1875, 64.1875
64.1875, 64.1875
64.4375, 64.4375
64.5625, 64.5625
64.8125, 64.8125
64.8125, 64.8125
64.8125, 64.8125
65.5, 65.5
65.9375, 65.9375
65.9375, 65.9375
66.4375, 66.4375
66.4375, 66.4375
66.6875, 66.6875
66.6875, 66.6875
67.75, 67.75
68.3125, 68.3125
68.3125, 68.3125
69.5625, 69.5625
69.5625, 69.5625
70.0625, 70.0625
70.0625, 70.0625
70.5625, 70.5625
70.5625, 70.5625
70.9375, 70.9375
71.4375, 71.4375
71.4375, 71.4375
71.5625, 71.5625
71.5625, 71.5625
72.125, 72.125
72.875, 72.875
73.125, 73.125
73.125, 73.125
73.5, 73.5
73.6875, 73.6875
74.375, 74.375
74.375, 74.375
75.125, 75.125
75.125, 75.125
75.5625, 75.5625
76.5625, 76.5625
76.5625, 76.5625
77.3125, 77.3125
77.875, 77.875
77.875, 77.875
78.5, 78.5
78.5, 78.5
79.1875, 79.1875
79.3125, 79.3125
79.3125, 79.3125
79.5, 79.5
79.5, 79.5
80.0, 80.0
80.25, 80.25
80.25, 80.25
80.75, 80.75
81.3125, 81.3125
81.3125, 81.3125
82.0625, 82.0625
82.8125, 82.8125
82.8125, 82.8125
83.9375, 83.9375
83.9375, 83.9375
84.875, 84.875
85.6875, 85.6875
85.6875, 85.6875
86.0625, 86.0625
86.0625, 86.0625
87.0, 87.0
87.0, 87.0
87.5625, 87.5625
87.375, 87.375
87.375, 87.375
87.5, 87.5
87.5, 87.5
88.5, 88.5
88.75, 88.75
89.25, 89.25
90.9375, 90.9375
91.3125, 91.3125
91.75, 91.75
91.875, 91.875
91.8125, 91.8125
91.0625, 91.0625
90.375, 90.375
90.0625, 90.0625
89.1875, 89.1875
89.1875, 89.1875
89.1875, 89.1875
89.375, 89.375
89.25, 89.25
89.625, 89.625
89.5, 89.5
89.375, 89.375
88.75, 88.75
88.4375, 88.4375
87.9375, 87.9375
88.0, 88.0
88.1875, 88.1875
88.5, 88.5
88.9375, 88.9375
89.4375, 89.4375
89.75, 89.75
90.25, 90.25
90.625, 90.625
90.4375, 90.4375
90.1875, 90.1875
89.875, 89.875
89.6875, 89.6875
89.3125, 89.3125
89.0, 89.0
88.875, 88.875
88.6875, 88.6875
89.0, 89.0
89.5625, 89.5625
89.8125, 89.8125
91.0625, 91.0625
91.625, 91.625
91.75, 91.75
90.9375, 90.9375
90.125, 90.125
89.75, 89.75
89.75, 89.75
89.9375, 89.9375
89.6875, 89.6875
89.75, 89.75
89.6875, 89.6875
90.375, 90.375
91.8125, 91.8125
91.9375, 91.9375
92.25, 92.25
92.25, 92.25
92.25, 92.25
92.0625, 92.0625
91.5625, 91.5625
90.9375, 90.9375
90.9375, 90.9375
90.1875, 90.1875
89.5625, 89.5625
89.1875, 89.1875
90.3125, 90.3125
90.625, 90.625
92.375, 92.375
92.5625, 92.5625
92.75, 92.75
92.375, 92.375
92.0625, 92.0625
91.4375, 91.4375
90.8125, 90.8125
90.25, 90.25
90.0625, 90.0625
89.9375, 89.9375
90.5, 90.5
90.75, 90.75
91.0625, 91.0625
92.4375, 92.4375
92.75, 92.75
92.75, 92.75
92.75, 92.75
92.25, 92.25
91.625, 91.625
91.1875, 91.1875
91.0, 91.0
89.9375, 89.9375
89.5625, 89.5625
89.9375, 89.9375
90.3125, 90.3125
90.625, 90.625
92.1875, 92.1875
92.625, 92.625
92.5625, 92.5625
92.0625, 92.0625
91.625, 91.625
91.0, 91.0
90.9375, 90.9375
90.5, 90.5
90.5, 90.5
90.375, 90.375
90.1875, 90.1875
90.25, 90.25
90.5, 90.5
90.875, 90.875
90.9375, 90.9375
90.5625, 90.5625
90.125, 90.125
90.1875, 90.1875
89.9375, 89.9375
90.0, 90.0
0.0, 0.0
359.875, 359.875
359.875, 359.875
359.875, 359.875
359.8125, 359.8125
359.8125, 359.8125
359.8125, 359.8125
360.0625, 0.0625
360.125, 0.125
360.0, 0.0
359.625, 359.625
359.25, 359.25
358.3125, 358.3125
358.1875, 358.1875
358.1875, 358.1875
358.3125, 358.3125
358.25, 358.25
358.25, 358.25
358.5, 358.5
358.3125, 358.3125
358.5625, 358.5625
359.0625, 359.0625
359.125, 359.125
359.0, 359.0
358.625, 358.625
358.25, 358.25
358.25, 358.25
358.1875, 358.1875
358.3125, 358.3125
358.0625, 358.0625
357.875, 357.875
357.4375, 357.4375
357.5, 357.5
358.0, 358.0
358.125, 358.125
358.875, 358.875
359.1875, 359.1875
359.25, 359.25
359.1875, 359.1875
359.25, 359.25
358.875, 358.875
358.5625, 358.5625
357.8125, 357.8125
357.625, 357.625
356.9375, 356.9375
356.5625, 356.5625
356.1875, 356.1875
355.875, 355.875
355.8125, 355.8125
355.8125, 355.8125
356.3125, 356.3125
356.8125, 356.8125
357.375, 357.375
358.5, 358.5
358.8125, 358.8125
358.875, 358.875
359.1875, 359.1875
359.1875, 359.1875
359.3125, 359.3125
359.3125, 359.3125
359.3125, 359.3125
359.875, 359.875
359.75, 359.75
359.0, 359.0
358.75, 358.75
358.1875, 358.1875
357.5, 357.5
356.9375, 356.9375
356.0, 356.0
355.4375, 355.4375
355.4375, 355.4375
355.8125, 355.8125
356.4375, 356.4375
357.0625, 357.0625
357.625, 357.625
358.5, 358.5
358.6875, 358.6875
358.8125, 358.8125
358.9375, 358.9375
358.5625, 358.5625
358.5, 358.5
358.6875, 358.6875
358.625, 358.625
358.625, 358.625
358.5625, 358.5625
358.6875, 358.6875
358.1875, 358.1875
357.5625, 357.5625
356.9375, 356.9375
356.0625, 356.0625
355.25, 355.25
354.875, 354.875
355.125, 355.125
355.875, 355.875
356.3125, 356.3125
356.5625, 356.5625
357.125, 357.125
357.8125, 357.8125
358.25, 358.25
358.4375, 358.4375
358.3125, 358.3125
358.3125, 358.3125
358.0625, 358.0625
357.3125, 357.3125
356.4375, 356.4375
356.1875, 356.1875
356.3125, 356.3125
356.25, 356.25
356.1875, 356.1875
355.9375, 355.9375
355.9375, 355.9375
355.9375, 355.9375
355.8125, 355.8125
355.3125, 355.3125
354.9375, 354.9375
355.125, 355.125
355.375, 355.375
356.5625, 356.5625
356.875, 356.875
357.5625, 357.5625
358.125, 358.125
358.3125, 358.3125
358.6875, 358.6875
358.5, 358.5
358.25, 358.25
357.6875, 357.6875
357.125, 357.125
356.8125, 356.8125
356.6875, 356.6875
356.25, 356.25
356.1875, 356.1875
356.0, 356.0
355.4375, 355.4375
356.875, 356.875
356.875, 356.875
356.875, 356.875
356.875, 356.875
356.875, 356.875
356.8125, 356.8125
356.8125, 356.8125
356.8125, 356.8125
356.75, 356.75
356.75, 356.75
356.75, 356.75
356.75, 356.75
356.8125, 356.8125
356.8125, 356.8125
356.8125, 356.8125
356.8125, 356.8125
356.8125, 356.8125
356.8125, 356.8125
356.75, 356.75
356.8125, 356.8125
356.8125, 356.8125
356.8125, 356.8125
356.8125, 356.8125
356.8125, 356.8125
356.8125, 356.8125
356.9375, 356.9375
356.9375, 356.9375
356.9375, 356.9375
356.9375, 356.9375
356.9375, 356.9375
356.9375, 356.9375
356.9375, 356.9375
356.875, 356.875
356.875, 356.875
356.875, 356.875
356.875, 356.875
356.9375, 356.9375
356.875, 356.875
356.875, 356.875
356.875, 356.875
356.875, 356.875
356.9375, 356.9375
356.9375, 356.9375
356.9375, 356.9375
357.0, 357.0
357.0, 357.0
357.0, 357.0
357.0, 357.0
356.9375, 356.9375
356.9375, 356.9375
356.9375, 356.9375
356.9375, 356.9375
356.9375, 356.9375
356.9375, 356.9375
356.9375, 356.9375
356.9375, 356.9375
357.0, 357.0
357.0, 357.0
357.0, 357.0
357.0, 357.0
357.0, 357.0
357.0, 357.0
357.0, 357.0
357.0, 357.0
357.0, 357.0
357.0, 357.0
357.0, 357.0
357.0, 357.0
357.0625, 357.0625
357.0625, 357.0625
357.0625, 357.0625
357.0625, 357.0625
357.0625, 357.0625
357.0625, 357.0625
357.0625, 357.0625
357.0625, 357.0625
357.0625, 357.0625
357.0625, 357.0625
357.0625, 357.0625
357.0625, 357.0625
357.0625, 357.0625
357.0625, 357.0625
357.0625, 357.0625
357.0625, 357.0625
357.0625, 357.0625
357.0625, 357.0625
357.0625, 357.0625
357.0625, 357.0625
357.125, 357.125
357.1875, 357.1875
357.1875, 357.1875
357.1875, 357.1875
357.1875, 357.1875
357.125, 357.125
357.125, 357.125
357.125, 357.125
357.125, 357.125
357.125, 357.125
357.0625, 357.0625
357.0625, 357.0625
357.125, 357.125
357.1875, 357.1875
357.1875, 357.1875
357.1875, 357.1875
357.1875, 357.1875
357.1875, 357.1875
357.1875, 357.1875
357.1875, 357.1875
357.1875, 357.1875
357.1875, 357.1875
357.1875, 357.1875
357.1875, 357.1875
357.25, 357.25
357.25, 357.25
357.25, 357.25
357.25, 357.25
357.1875, 357.1875
357.1875, 357.1875
357.1875, 357.1875
357.25, 357.25
357.25, 357.25
357.3125, 357.3125
357.3125, 357.3125
357.3125, 357.3125
357.3125, 357.3125
357.3125, 357.3125
357.375, 357.375
357.375, 357.375
357.375, 357.375
357.375, 357.375
357.375, 357.375
357.375, 357.375
357.375, 357.375
357.3125, 357.3125
357.25, 357.25
357.25, 357.25
357.25, 357.25
357.25, 357.25
357.25, 357.25
357.3125, 357.3125
357.3125, 357.3125
357.375, 357.375
357.375, 357.375
357.375, 357.375
357.375, 357.375
357.375, 357.375
357.375, 357.375
357.375, 357.375
357.375, 357.375
357.4375, 357.4375
357.4375, 357.4375
357.4375, 357.4375
357.4375, 357.4375
357.375, 357.375
357.375, 357.375
357.375, 357.375
357.375, 357.375
357.4375, 357.4375
357.4375, 357.4375
357.4375, 357.4375
357.4375, 357.4375
357.4375, 357.4375
357.4375, 357.4375
357.375, 357.375
357.4375, 357.4375
357.4375, 357.4375
357.4375, 357.4375
357.5, 357.5
357.5, 357.5
357.4375, 357.4375
357.4375, 357.4375
357.4375, 357.4375
357.4375, 357.4375
357.4375, 357.4375
357.4375, 357.4375
357.4375, 357.4375
357.5, 357.5
357.5, 357.5
357.5, 357.5
357.5, 357.5
357.5, 357.5
357.4375, 357.4375
357.4375, 357.4375
357.4375, 357.4375
357.4375, 357.4375
357.4375, 357.4375
357.4375, 357.4375
357.4375, 357.4375
357.4375, 357.4375
357.4375, 357.4375
357.5, 357.5
357.4375, 357.4375
357.4375, 357.4375
357.5, 357.5
357.0625, 357.0625
357.0625, 357.0625
357.0625, 357.0625
357.125, 357.125
357.1875, 357.1875
357.1875, 357.1875
357.1875, 357.1875
357.1875, 357.1875
357.125, 357.125
357.125, 357.125
357.1875, 357.1875
357.1875, 357.1875
357.25, 357.25
357.125, 357.125
357.125, 357.125
357.125, 357.125
356.875, 356.875
356.875, 356.875
356.9375, 356.9375
356.9375, 356.9375
356.9375, 356.9375
356.375, 356.375
354.25, 354.25
354.25, 354.25
353.0625, 353.0625
352.375, 352.375
352.375, 352.375
350.9375, 350.9375
350.9375, 350.9375
349.875, 349.875
349.875, 349.875
349.9375, 349.9375
349.75, 349.75
349.75, 349.75
349.1875, 349.1875
349.125, 349.125
349.125, 349.125
349.125, 349.125
348.9375, 348.9375
347.875, 347.875
347.875, 347.875
347.875, 347.875
346.625, 346.625
346.625, 346.625
345.375, 345.375
345.375, 345.375
345.25, 345.25
345.5625, 345.5625
345.5625, 345.5625
345.25, 345.25
345.25, 345.25
344.375, 344.375
343.9375, 343.9375
343.9375, 343.9375
343.5, 343.5
342.5625, 342.5625
341.8125, 341.8125
341.8125, 341.8125
340.1875, 340.1875
340.1875, 340.1875
340.1875, 340.1875
339.375, 339.375
338.875, 338.875
338.875, 338.875
339.0, 339.0
339.0, 339.0
339.4375, 339.4375
339.4375, 339.4375
338.8125, 338.8125
338.1875, 338.1875
338.1875, 338.1875
337.75, 337.75
337.375, 337.375
337.0625, 337.0625
335.75, 335.75
335.75, 335.75
334.0, 334.0
333.1875, 333.1875
333.1875, 333.1875
333.0, 333.0
333.0, 333.0
332.5, 332.5
332.5, 332.5
332.5, 332.5
332.25, 332.25
331.9375, 331.9375
331.9375, 331.9375
331.5, 331.5
331.5, 331.5
331.375, 331.375
331.375, 331.375
331.375, 331.375
330.5625, 330.5625
330.5625, 330.5625
330.125, 330.125
328.6875, 328.6875
328.6875, 328.6875
326.9375, 326.9375
326.6875, 326.6875
326.6875, 326.6875
326.5, 326.5
326.5, 326.5
326.8125, 326.8125
326.8125, 326.8125
326.0, 326.0
325.6875, 325.6875
325.375, 325.375
325.375, 325.375
325.25, 325.25
325.25, 325.25
324.625, 324.625
324.625, 324.625
324.625, 324.625
322.375, 322.375
322.375, 322.375
321.25, 321.25
320.8125, 320.8125
320.5, 320.5
320.5, 320.5
319.375, 319.375
319.375, 319.375
319.3125, 319.3125
319.3125, 319.3125
319.4375, 319.4375
319.5, 319.5
318.6875, 318.6875
318.6875, 318.6875
318.0625, 318.0625
318.0625, 318.0625
316.9375, 316.9375
316.0625, 316.0625
316.0625, 316.0625
315.5625, 315.5625
313.9375, 313.9375
313.9375, 313.9375
313.6875, 313.6875
313.6875, 313.6875
313.6875, 313.6875
314.0625, 314.0625
313.9375, 313.9375
313.1875, 313.1875
313.1875, 313.1875
312.4375, 312.4375
312.125, 312.125
312.125, 312.125
311.6875, 311.6875
311.1875, 311.1875
311.1875, 311.1875
309.5625, 309.5625
308.25, 308.25
308.25, 308.25
307.875, 307.875
307.875, 307.875
307.875, 307.875
307.875, 307.875
308.0, 308.0
307.25, 307.25
307.25, 307.25
306.8125, 306.8125
307.0625, 307.0625
307.0625, 307.0625
307.0, 307.0
307.0, 307.0
306.625, 306.625
305.1875, 305.1875
305.1875, 305.1875
303.125, 303.125
302.8125, 302.8125
302.8125, 302.8125
302.125, 302.125
301.1875, 301.1875
301.1875, 301.1875
301.125, 301.125
301.1875, 301.1875
301.1875, 301.1875
300.625, 300.625
300.625, 300.625
300.0, 300.0
299.5625, 299.5625
299.4375, 299.4375
299.4375, 299.4375
298.6875, 298.6875
298.6875, 298.6875
297.375, 297.375
296.625, 296.625
296.625, 296.625
295.625, 295.625
295.625, 295.625
295.625, 295.625
294.625, 294.625
294.75, 294.75
294.75, 294.75
294.3125, 294.3125
293.8125, 293.8125
293.8125, 293.8125
293.8125, 293.8125
293.4375, 293.4375
293.4375, 293.4375
292.8125, 292.8125
290.6875, 290.6875
290.6875, 290.6875
289.125, 289.125
289.125, 289.125
288.1875, 288.1875
288.1875, 288.1875
287.8125, 287.8125
288.0, 288.0
288.0, 288.0
287.625, 287.625
287.625, 287.625
287.0, 287.0
287.0, 287.0
286.8125, 286.8125
286.3125, 286.3125
286.3125, 286.3125
285.75, 285.75
285.75, 285.75
285.25, 285.25
283.5625, 283.5625
283.5625, 283.5625
282.1875, 282.1875
281.375, 281.375
281.375, 281.375
280.875, 280.875
280.875, 280.875
280.6875, 280.6875
280.4375, 280.4375
280.4375, 280.4375
279.9375, 279.9375
279.9375, 279.9375
279.875, 279.875
279.875, 279.875
279.375, 279.375
278.8125, 278.8125
278.4375, 278.4375
278.4375, 278.4375
277.0625, 277.0625
275.5, 275.5
275.5, 275.5
274.5, 274.5
274.25, 274.25
274.25, 274.25
273.9375, 273.9375
273.9375, 273.9375
273.75, 273.75
273.75, 273.75
273.1875, 273.1875
273.1875, 273.1875
272.75, 272.75
272.75, 272.75
272.3125, 272.3125
271.6875, 271.6875
271.6875, 271.6875
271.4375, 271.4375
270.0625, 270.0625
270.0625, 270.0625
268.375, 268.375
267.8125, 267.8125
267.8125, 267.8125
267.8125, 267.8125
267.375, 267.375
267.5, 267.5
267.4375, 267.4375
267.4375, 267.4375
267.1875, 267.1875
267.1875, 267.1875
266.375, 266.375
266.375, 266.375
266.0625, 266.0625
266.0625, 266.0625
265.625, 265.625
265.25, 265.25
265.25, 265.25
263.875, 263.875
263.875, 263.875
263.0, 263.0
261.625, 261.625
261.625, 261.625
260.875, 260.875
260.875, 260.875
261.1875, 261.1875
261.1875, 261.1875
261.5625, 261.5625
261.5625, 261.5625
260.875, 260.875
260.1875, 260.1875
260.1875, 260.1875
259.75, 259.75
259.75, 259.75
259.375, 259.375
258.625, 258.625
258.625, 258.625
257.0625, 257.0625
256.3125, 256.3125
256.3125, 256.3125
255.4375, 255.4375
255.4375, 255.4375
255.25, 255.25
255.0, 255.0
255.0, 255.0
254.875, 254.875
254.25, 254.25
254.25, 254.25
253.75, 253.75
253.75, 253.75
253.625, 253.625
253.625, 253.625
253.1875, 253.1875
252.875, 252.875
252.875, 252.875
251.9375, 251.9375
251.9375, 251.9375
250.8125, 250.8125
250.8125, 250.8125
249.625, 249.625
249.625, 249.625
249.625, 249.625
248.6875, 248.6875
248.6875, 248.6875
248.6875, 248.6875
249.375, 249.375
249.375, 249.375
249.0, 249.0
249.0, 249.0
247.9375, 247.9375
247.9375, 247.9375
247.9375, 247.9375
247.25, 247.25
247.1875, 247.1875
246.75, 246.75
246.75, 246.75
245.3125, 245.3125
244.3125, 244.3125
244.3125, 244.3125
242.625, 242.625
242.625, 242.625
242.0, 242.0
241.375, 241.375
241.1875, 241.1875
241.1875, 241.1875
241.0625, 241.0625
241.0625, 241.0625
240.8125, 240.8125
240.6875, 240.6875
240.6875, 240.6875
240.625, 240.625
240.0625, 240.0625
240.0625, 240.0625
239.6875, 239.6875
238.875, 238.875
238.875, 238.875
238.875, 238.875
238.3125, 238.3125
237.125, 237.125
237.125, 237.125
236.0, 236.0
236.0, 236.0
235.125, 235.125
235.125, 235.125
234.625, 234.625
234.4375, 234.4375
234.4375, 234.4375
233.875, 233.875
233.875, 233.875
233.75, 233.75
233.6875, 233.6875
233.6875, 233.6875
233.375, 233.375
233.375, 233.375
232.0, 232.0
232.0, 232.0
230.375, 230.375
230.375, 230.375
229.0625, 229.0625
227.625, 227.625
227.625, 227.625
227.25, 227.25
227.25, 227.25
227.125, 227.125
227.125, 227.125
227.125, 227.125
227.5, 227.5
227.5, 227.5
227.6875, 227.6875
227.6875, 227.6875
226.9375, 226.9375
225.875, 225.875
225.875, 225.875
225.25, 225.25
223.6875, 223.6875
223.6875, 223.6875
223.0, 223.0
223.0, 223.0
221.375, 221.375
221.0625, 221.0625
221.0625, 221.0625
221.0625, 221.0625
220.625, 220.625
220.625, 220.625
220.375, 220.375
220.375, 220.375
221.0, 221.0
221.3125, 221.3125
220.4375, 220.4375
220.4375, 220.4375
219.25, 219.25
218.1875, 218.1875
217.625, 217.625
217.625, 217.625
216.375, 216.375
216.375, 216.375
215.5, 215.5
215.125, 215.125
214.875, 214.875
214.875, 214.875
214.9375, 214.9375
214.9375, 214.9375
215.0625, 215.0625
215.0625, 215.0625
214.375, 214.375
214.375, 214.375
213.5625, 213.5625
213.5625, 213.5625
212.875, 212.875
212.875, 212.875
212.25, 212.25
212.0625, 212.0625
212.0625, 212.0625
212.5, 212.5
212.8125, 212.8125
212.8125, 212.8125
213.375, 213.375
213.4375, 213.4375
213.4375, 213.4375
213.4375, 213.4375
213.4375, 213.4375
213.3125, 213.3125
213.3125, 213.3125
212.4375, 212.4375
212.1875, 212.1875
212.1875, 212.1875
212.6875, 212.6875
213.125, 213.125
213.125, 213.125
213.0625, 213.0625
213.0625, 213.0625
212.9375, 212.9375
212.9375, 212.9375
212.75, 212.75
212.75, 212.75
212.3125, 212.3125
212.4375, 212.4375
212.625, 212.625
212.625, 212.625
212.625, 212.625
212.625, 212.625
212.5625, 212.5625
212.5625, 212.5625
212.875, 212.875
212.875, 212.875
213.0625, 213.0625
213.0, 213.0
213.0, 213.0
213.25, 213.25
213.125, 213.125
213.125, 213.125
213.125, 213.125
213.0, 213.0
212.625, 212.625
212.625, 212.625
212.625, 212.625
212.625, 212.625
213.0, 213.0
213.125, 213.125
213.125, 213.125
213.1875, 213.1875
213.0625, 213.0625
212.8125, 212.8125
212.8125, 212.8125
212.875, 212.875
212.875, 212.875
212.875, 212.875
212.875, 212.875
213.0625, 213.0625
213.25, 213.25
213.25, 213.25
213.5625, 213.5625
213.5625, 213.5625
213.375, 213.375
213.375, 213.375
213.1875, 213.1875
213.0625, 213.0625
213.0625, 213.0625
212.8125, 212.8125
213.0, 213.0
213.0, 213.0
213.0625, 213.0625
213.0, 213.0
213.0, 213.0
213.0625, 213.0625
213.0625, 213.0625
213.0625, 213.0625
212.9375, 212.9375
212.9375, 212.9375
213.0, 213.0
213.0, 213.0
212.5, 212.5
212.5, 212.5
212.4375, 212.4375
212.4375, 212.4375
213.6875, 213.6875
213.5625, 213.5625
213.5625, 213.5625
213.4375, 213.4375
213.4375, 213.4375
213.1875, 213.1875
213.0, 213.0
213.0, 213.0
213.0, 213.0
213.0625, 213.0625
213.0625, 213.0625
212.8125, 212.8125
212.8125, 212.8125
212.8125, 212.8125
213.0, 213.0
213.0, 213.0
213.0, 213.0
212.875, 212.875
213.125, 213.125
213.125, 213.125
213.3125, 213.3125
212.9375, 212.9375
213.125, 213.125
213.125, 213.125
213.4375, 213.4375
213.4375, 213.4375
213.6875, 213.6875
213.625, 213.625
213.5, 213.5
213.1875, 213.1875
213.1875, 213.1875
213.1875, 213.1875
213.25, 213.25
213.25, 213.25
213.1875, 213.1875
213.1875, 213.1875
212.8125, 212.8125
212.6875, 212.6875
213.125, 213.125
213.125, 213.125
213.3125, 213.3125
213.3125, 213.3125
213.1875, 213.1875
213.1875, 213.1875
214.0, 214.0
214.0, 214.0
214.0, 214.0
213.75, 213.75
213.75, 213.75
213.625, 213.625
213.625, 213.625
213.0, 213.0
213.0, 213.0
212.8125, 212.8125
212.8125, 212.8125
213.25, 213.25
213.25, 213.25
213.1875, 213.1875
212.8125, 212.8125
212.8125, 212.8125
212.625, 212.625
213.0625, 213.0625
213.0625, 213.0625
213.3125, 213.3125
213.3125, 213.3125
213.0625, 213.0625
213.0625, 213.0625
213.0625, 213.0625
213.0625, 213.0625
213.875, 213.875
214.0, 214.0
214.0, 214.0
213.6875, 213.6875
213.6875, 213.6875
213.25, 213.25
213.25, 213.25
212.9375, 212.9375
213.125, 213.125
213.125, 213.125
213.1875, 213.1875
212.9375, 212.9375
212.9375, 212.9375
212.625, 212.625
212.625, 212.625
212.875, 212.875
212.875, 212.875
213.375, 213.375
213.375, 213.375
213.625, 213.625
213.75, 213.75
213.75, 213.75
213.75, 213.75
213.75, 213.75
213.5, 213.5
213.5, 213.5
213.1875, 213.1875
212.8125, 212.8125
213.125, 213.125
213.125, 213.125
213.1875, 213.1875
213.0625, 213.0625
212.75, 212.75
212.75, 212.75
212.9375, 212.9375
212.9375, 212.9375
213.25, 213.25
213.5, 213.5
214.0, 214.0
214.0, 214.0
213.8125, 213.8125
213.8125, 213.8125
213.8125, 213.8125
213.6875, 213.6875
213.6875, 213.6875
212.9375, 212.9375
212.9375, 212.9375
212.875, 212.875
213.375, 213.375
213.375, 213.375
213.0625, 213.0625
213.0625, 213.0625
212.6875, 212.6875
212.6875, 212.6875
213.25, 213.25
213.25, 213.25
213.25, 213.25
213.5625, 213.5625
213.5625, 213.5625
213.6875, 213.6875
213.75, 213.75
213.75, 213.75
213.75, 213.75
213.625, 213.625
213.625, 213.625
213.0625, 213.0625
212.9375, 212.9375
212.9375, 212.9375
212.9375, 212.9375
212.9375, 212.9375
212.875, 212.875
212.875, 212.875
213.0625, 213.0625
213.0625, 213.0625
213.125, 213.125
213.375, 213.375
213.625, 213.625
213.625, 213.625
213.8125, 213.8125
213.6875, 213.6875
213.6875, 213.6875
213.5, 213.5
213.5, 213.5
213.5, 213.5
212.875, 212.875
212.75, 212.75
212.75, 212.75
213.125, 213.125
213.125, 213.125
